Time	eventName	event	eventArrivingTime	waitingTime
18.031268512851526	westMovingCar_0	1	13.798004635471047	4.2332638773804785
29.00089809905674	westMovingCar_1	1	24.44336524303118	4.55753285602556
32.832226834401474	westMovingCar_2	1	24.55126821372075	8.280958620680725
46.29708045150264	westMovingCar_3	1	36.35600384568467	9.941076605817969
51.11905880305074	westMovingCar_4	1	41.83516658666557	9.28389221638517
55.19175512567996	westMovingCar_5	1	45.09156531260073	10.100189813079233
59.74962814337206	westMovingCar_6	1	45.7953213365549	13.954306806817158
89.5526383147829	westMovingCar_7	1	67.74012690643012	21.812511408352776
93.15805356269101	westMovingCar_8	1	75.06640973884946	18.09164382384155
104.7537241726504	westMovingCar_9	1	98.76258101763182	5.991143155018577
115.09485246830849	westMovingCar_10	1	110.34981794224531	4.745034526063179
126.27720429131227	westMovingCar_11	1	120.44851088044877	5.828693410863508
136.657848569233	westMovingCar_12	1	132.0435299712333	4.614318597999699
197.12038540217668	westMovingCar_13	1	144.83797782208592	52.28240758009076
200.4478018058218	westMovingCar_14	1	155.73184331054696	44.71595849527483
204.293027753373	westMovingCar_15	1	156.6888575081054	47.604170245267596
207.5432285511109	westMovingCar_16	1	157.5327096628435	50.0105188882674
211.75020544856815	westMovingCar_17	1	157.64242786477556	54.1077775837926
216.09914022882361	westMovingCar_18	1	165.55140924040498	50.547730988418635
219.8055151232583	westMovingCar_19	1	182.1718787091209	37.633636414137385
223.93562388510333	westMovingCar_20	1	205.4490373742296	18.486586510873735
227.72789257917293	westMovingCar_21	1	214.35300474323643	13.374887835936505
231.01211286431646	westMovingCar_22	1	215.31690119961854	15.695211664697922
234.8906771710413	westMovingCar_23	1	219.22011823022322	15.670558940818069
239.08293508662774	westMovingCar_24	1	229.5519052037654	9.531029882862356
242.77675920837314	westMovingCar_25	1	236.4905016944083	6.286257513964841
246.24045647558597	westMovingCar_26	1	238.133709693224	8.106746782361967
307.01895246697893	westMovingCar_27	1	252.55139337140415	54.467559095574785
311.20148499230925	westMovingCar_28	1	259.79690123359717	51.40458375871208
315.68124396041566	westMovingCar_29	1	262.25737749302436	53.42386646739129
319.1262280121838	westMovingCar_30	1	267.33390627534266	51.79232173684113
323.079759718815	westMovingCar_31	1	276.6044708028981	46.475288915916906
326.8694467894715	westMovingCar_32	1	277.73615122695503	49.13329556251648
331.152271041024	westMovingCar_33	1	287.2572525268314	43.8950185141926
335.165337310398	westMovingCar_34	1	289.1062662376956	46.05907107270241
339.1025598852705	westMovingCar_35	1	291.2626059326235	47.83995395264702
343.60383184168603	westMovingCar_36	1	293.6192230352245	49.98460880646155
347.5094114735196	westMovingCar_37	1	319.57411581475424	27.93529565876537
351.2823955753102	westMovingCar_38	1	322.8973070205311	28.385088554779088
355.1532857958793	westMovingCar_39	1	344.31055854925506	10.842727246624236
482.75428904458175	westMovingCar_40	1	358.86120182540446	123.89308721917729
487.28717662953744	westMovingCar_41	1	385.947588946355	101.33958768318246
491.52611821514876	westMovingCar_42	1	425.979291332742	65.54682688240678
496.09336947586144	westMovingCar_43	1	427.011706113021	69.08166336284046
499.9226862848868	westMovingCar_44	1	429.3316182764939	70.59106800839294
504.4222069393205	westMovingCar_45	1	435.94977689841494	68.47243004090558
508.6804676772627	westMovingCar_46	1	437.6999563272435	70.98051135001919
512.4299411136435	westMovingCar_47	1	452.52721742045645	59.902723693187056
516.6972465442343	westMovingCar_48	1	478.64363639534326	38.05361014889104
520.8409133748519	westMovingCar_49	1	483.45658234870814	37.38433102614374
524.8619834047179	westMovingCar_50	1	498.80829856343485	26.05368484128303
529.5279782879587	westMovingCar_51	1	499.0458519093324	30.482126378626333
533.2691354900887	westMovingCar_52	1	503.77148492188473	29.497650568203994
537.1167446084995	westMovingCar_53	1	511.8396852574007	25.277059351098842
540.7620369355501	westMovingCar_54	1	530.5568971535255	10.205139782024617
666.4498692330525	westMovingCar_55	1	564.0958594300445	102.35400980300801
669.74678167431	westMovingCar_56	1	566.048300538935	103.698481135375
673.2874747223879	westMovingCar_57	1	568.4486541666005	104.83882055578738
677.5378138114586	westMovingCar_58	1	573.2451655735143	104.29264823794426
680.6870260220705	westMovingCar_59	1	617.2699410871708	63.417084934899776
684.3468656927375	westMovingCar_60	1	634.2691952901628	50.07767040257477
689.3036397520433	westMovingCar_61	1	642.6146780737299	46.688961678313376
694.032715436287	westMovingCar_62	1	673.9434406347142	20.089274801572856
697.2170858231359	westMovingCar_63	1	687.0392595004275	10.17782632270837
761.0885750009728	westMovingCar_64	1	707.9685745645853	53.1200004363875
765.5603315991101	westMovingCar_65	1	712.3622225603841	53.19810903872599
769.2184058001826	westMovingCar_66	1	722.873360198706	46.34504560147661
773.3842511342341	westMovingCar_67	1	727.5161792836881	45.868071850546016
777.002778299046	westMovingCar_68	1	731.18096211783	45.821816181216036
781.048697127432	westMovingCar_69	1	734.882870864714	46.16582626271793
785.1215908146329	westMovingCar_70	1	755.255290981846	29.866299832786922
789.0097956182522	westMovingCar_71	1	767.769189317729	21.240606300523154
792.8798770819046	westMovingCar_72	1	768.9054444698252	23.974432612079454
796.6465950226708	westMovingCar_73	1	771.5857245162538	25.060870506417018
801.3189274770776	westMovingCar_74	1	776.6489916775031	24.669935799574546
805.0930506699264	westMovingCar_75	1	795.1840555483584	9.908995121567955
871.4153596381714	westMovingCar_76	1	810.0711492755078	61.3442103626636
875.3653615022827	westMovingCar_77	1	812.4361857503692	62.929175751913476
879.0524977279061	westMovingCar_78	1	830.2025427102949	48.84995501761125
882.720880051976	westMovingCar_79	1	859.6883899432764	23.032490108699562
886.7609382918556	westMovingCar_80	1	861.2008658921086	25.560072399747014
899.1624406644538	westMovingCar_81	1	891.4228548348605	7.739585829593352
903.0559200871965	westMovingCar_82	1	891.9097265426528	11.146193544543621
906.9446869019301	westMovingCar_83	1	893.2728123457072	13.671874556222974
910.8666889141596	westMovingCar_84	1	905.2377931089246	5.628895805234947
915.6470890983236	westMovingCar_85	1	905.8184751936641	9.828613904659505
920.4448773515006	westMovingCar_86	1	913.6598464614103	6.785030890090297
954.4141856719891	westMovingCar_87	1	927.9254743210007	26.48871135098841
959.2950194870493	westMovingCar_88	1	929.8995865866217	29.395432900427636
963.9043841251447	westMovingCar_89	1	935.3654936072005	28.538890517944196
967.9380747495916	westMovingCar_90	1	940.6065724082293	27.33150234136224
971.1147040239161	westMovingCar_91	1	942.4631562531798	28.65154777073633
974.844469540465	westMovingCar_92	1	943.2764640071966	31.56800553326832
978.9137893674877	westMovingCar_93	1	953.9020790622311	25.011710305256543
982.5509638679067	westMovingCar_94	1	958.0201001051914	24.530863762715285
986.4524451706346	westMovingCar_95	1	958.2731173151337	28.1793278555009
990.3788148476559	westMovingCar_96	1	982.8722302328841	7.506584614771782
1018.4733117908338	westMovingCar_97	1	1003.0052820628595	15.46802972797434
1023.2024755714748	westMovingCar_98	1	1009.0293162750858	14.17315929638903
1026.5059925539215	westMovingCar_99	1	1009.1479498912641	17.35804266265734
1030.8157715847994	westMovingCar_100	1	1014.1463811334097	16.669390451389745
1034.7665343668416	westMovingCar_101	1	1025.4665314933652	9.300002873476387
1043.0447229826823	westMovingCar_102	1	1039.4468519189886	3.597871063693674
1070.9716025286311	westMovingCar_103	1	1065.9765782837183	4.995024244912884
1074.6079860670468	westMovingCar_104	1	1067.7901428605524	6.8178432064944445
1086.2586248151467	westMovingCar_105	1	1082.2795977244432	3.979027090703539
1109.0241142195948	westMovingCar_106	1	1101.3258888896546	7.698225329940215
1113.5830452781188	westMovingCar_107	1	1107.0477898066958	6.535255471422943
1129.2027900553103	westMovingCar_108	1	1118.5666474164511	10.636142638859155
1163.9080524648912	westMovingCar_109	1	1130.2413904960079	33.66666196888332
1167.9405401926122	westMovingCar_110	1	1131.62511664826	36.31542354435214
1171.3112141155998	westMovingCar_111	1	1133.7570869463743	37.55412716922547
1174.9751829831728	westMovingCar_112	1	1143.8697405404887	31.10544244268408
1178.9010509117193	westMovingCar_113	1	1145.329687831646	33.5713630800733
1183.1471663165346	westMovingCar_114	1	1157.5358041745017	25.61136214203293
1186.8105868169926	westMovingCar_115	1	1159.5070809164972	27.303505900495338
1190.9663668528729	westMovingCar_116	1	1170.6679764707294	20.298390382143452
1194.6899227878428	westMovingCar_117	1	1171.630229958208	23.05969282963474
1199.5436577473674	westMovingCar_118	1	1179.4168766166697	20.126781130697736
1203.6055210203333	westMovingCar_119	1	1184.8316861710132	18.77383484932011
1207.360365839624	westMovingCar_120	1	1193.0366527754047	14.323713064219191
1288.2664967979267	westMovingCar_121	1	1208.1051111855368	80.16138561238995
1291.9690455058733	westMovingCar_122	1	1220.2750611743234	71.69398433154993
1296.1411128226575	westMovingCar_123	1	1223.6647633232396	72.47634949941789
1299.9212764011434	westMovingCar_124	1	1232.0972466727594	67.82402972838395
1303.7179525178708	westMovingCar_125	1	1239.104522482337	64.61343003553384
1308.6831051595746	westMovingCar_126	1	1240.947220710335	67.73588444923962
1311.896900366913	westMovingCar_127	1	1241.2150083361328	70.68189203078032
1315.9507087799043	westMovingCar_128	1	1255.7984183156593	60.15229046424497
1319.3734493606098	westMovingCar_129	1	1274.2122184377733	45.16123092283647
1323.8147516352728	westMovingCar_130	1	1285.3147748529486	38.49997678232421
1327.3337183107471	westMovingCar_131	1	1309.465700743372	17.86801756737509
1348.2892154128579	westMovingCar_132	1	1344.4706950809011	3.8185203319567336
1364.7060045419657	westMovingCar_133	1	1360.4565652739489	4.249439268016886
1395.6627102657849	westMovingCar_134	1	1389.0823424315574	6.580367834227445
1418.937856501108	westMovingCar_135	1	1415.2427318865837	3.695124614524275
1424.6898283903618	westMovingCar_136	1	1421.199132951533	3.490695438828652
1445.1791038037927	westMovingCar_137	1	1439.3319896626456	5.847114141147131
1448.573070713514	westMovingCar_138	1	1441.6352585039983	6.937812209515641
1483.5618978219106	westMovingCar_139	1	1450.7167221007273	32.845175721183296
1497.8810405816396	westMovingCar_140	1	1493.6102996818584	4.270740899781231
1515.2010734773635	westMovingCar_141	1	1510.119262551095	5.0818109262684175
1519.9191321440328	westMovingCar_142	1	1510.7307439088524	9.188388235180355
1552.633494241913	westMovingCar_143	1	1532.503688801719	20.129805440194104
1556.4872811773741	westMovingCar_144	1	1542.675129598261	13.812151579113106
1583.8519602229856	westMovingCar_145	1	1579.162252181472	4.689708041513541
1631.6798786328047	westMovingCar_146	1	1602.2303073991143	29.44957123369045
1636.4556099372014	westMovingCar_147	1	1625.2011274707615	11.254482466439867
1639.9286484234729	westMovingCar_148	1	1632.7831909996246	7.145457423848256
1644.0957391830464	westMovingCar_149	1	1638.7058200291413	5.389919153905112
1656.0246035421494	westMovingCar_150	1	1650.4571680101076	5.567435532041827
1659.0938686247819	westMovingCar_151	1	1653.5503197619646	5.543548862817261
1662.6945352524597	westMovingCar_152	1	1655.8023620724414	6.89217318001829
1666.9415816002102	westMovingCar_153	1	1661.467267832373	5.474313767837202
1670.8374846930524	westMovingCar_154	1	1665.4525100911585	5.384974601893873
1700.3986576008754	westMovingCar_155	1	1684.591318966062	15.807338634813277
1704.3353814014613	westMovingCar_156	1	1689.5705643122415	14.764817089219832
1708.7431808173076	westMovingCar_157	1	1702.5796961291705	6.163484688137032
1712.4797154738094	westMovingCar_158	1	1702.6033393912676	9.87637608254181
1716.582282580884	westMovingCar_159	1	1710.7939151807	5.788367400184143
1733.807573848501	westMovingCar_160	1	1729.7751425227673	4.032431325733796
1763.8383807723092	westMovingCar_161	1	1759.2268109053318	4.611569866977334
1779.1529408667648	westMovingCar_162	1	1774.6837264648034	4.469214401961381
1788.1218623006077	westMovingCar_163	1	1784.3978076447966	3.7240546558111873
1795.5405575678526	westMovingCar_164	1	1791.3931197696918	4.147437798160809
1823.7525371625554	westMovingCar_165	1	1819.7420236180762	4.010513544479181
1828.112861292501	westMovingCar_166	1	1823.2011653880613	4.911695904439739
1855.4092818428555	westMovingCar_167	1	1848.6782723103345	6.731009532521057
1859.7652704331792	westMovingCar_168	1	1854.875447747339	4.889822685840272
1882.1537781293025	westMovingCar_169	1	1872.333571925424	9.82020620387857
1886.072371345703	westMovingCar_170	1	1879.13276911439	6.939602231313074
1889.9772384233158	westMovingCar_171	1	1884.0997256914718	5.877512731844035
1901.5366992137315	westMovingCar_172	1	1892.5692488372258	8.967450376505667
1936.3594131613688	westMovingCar_173	1	1931.9807080630287	4.378705098340106
1961.8579671202185	westMovingCar_174	1	1952.1834346688565	9.674532451361983
1970.1359619242353	westMovingCar_175	1	1961.8782410204988	8.257720903736526
1990.2159113818195	westMovingCar_176	1	1975.1512462204453	15.06466516137425
1994.3358331168672	westMovingCar_177	1	1978.2305549233552	16.10527819351205
1998.5469889661515	westMovingCar_178	1	1990.76757874341	7.77941022274149
2003.0352990497056	westMovingCar_179	1	1994.3237871988247	8.711511850880925
2030.8586997721345	westMovingCar_180	1	2024.7935526830502	6.065147089084348
2037.575605296086	westMovingCar_181	1	2033.0180577224269	4.5575475736591216
2073.219555389962	westMovingCar_182	1	2069.585424420181	3.6341309697809265
2077.475177312999	westMovingCar_183	1	2070.511586412088	6.963590900911186
2107.391676508135	westMovingCar_184	1	2100.5371384051355	6.854538102999413
2113.09842961199	westMovingCar_185	1	2109.695391673841	3.4030379381488274
2117.1062284906675	westMovingCar_186	1	2110.0094291241408	7.096799366526739
2148.483157462759	westMovingCar_187	1	2144.485709884169	3.997447578590254
2167.14790855356	westMovingCar_188	1	2150.1802948930713	16.967613660488496
2172.196442527736	westMovingCar_189	1	2167.870332973031	4.326109554704999
2213.6160758662572	westMovingCar_190	1	2189.9211181454725	23.694957720784714
2218.312113025755	westMovingCar_191	1	2190.078304913762	28.233808111992857
2222.6435768991464	westMovingCar_192	1	2194.7764338345332	27.867143064613174
2226.8140496756896	westMovingCar_193	1	2213.0091169016546	13.804932774035024
2231.3954546348054	westMovingCar_194	1	2225.3405277550387	6.054926879766754
2277.5880997216527	westMovingCar_195	1	2256.285022710169	21.303077011483765
2281.843117526585	westMovingCar_196	1	2260.211644632378	21.631472894207036
2285.408461023189	westMovingCar_197	1	2269.7871164587145	15.621344564474384
2289.927569780018	westMovingCar_198	1	2269.8275640050033	20.10000577501478
2293.9255146639794	westMovingCar_199	1	2280.7939685293272	13.131546134652126
2298.484593422716	westMovingCar_200	1	2289.3746791467133	9.109914276002655
2333.881757798907	westMovingCar_201	1	2299.0619023821046	34.81985541680251
2338.809692953277	westMovingCar_202	1	2321.274512988071	17.535179965206225
2343.076513030574	westMovingCar_203	1	2323.0799716101915	19.996541420382528
2347.055695091079	westMovingCar_204	1	2323.114669335791	23.941025755288138
2351.19859067775	westMovingCar_205	1	2326.854773423571	24.343817254179157
2355.169338285256	westMovingCar_206	1	2333.528142624228	21.641195661027723
2358.5236959408257	westMovingCar_207	1	2337.796561443185	20.72713449764069
2362.9096882423505	westMovingCar_208	1	2349.22812165395	13.681566588400528
2367.8881094562626	westMovingCar_209	1	2355.370162463271	12.51794699299171
2372.187595583816	westMovingCar_210	1	2356.183612026248	16.003983557568063
2376.786379572602	westMovingCar_211	1	2356.7106017308342	20.07577784176783
2380.2379156751167	westMovingCar_212	1	2374.5651477561214	5.672767918995305
2384.601439125296	westMovingCar_213	1	2375.974249571736	8.627189553560129
2429.3696715889696	westMovingCar_214	1	2397.0979695266783	32.2717020622913
2433.6572044032	westMovingCar_215	1	2409.8780748333443	23.77912956985574
2437.5372538438123	westMovingCar_216	1	2414.2777710204273	23.259482823385042
2440.9524242025796	westMovingCar_217	1	2436.6528159228087	4.299608279770837
2444.1862284621006	westMovingCar_218	1	2437.6897209055523	6.496507556548295
2447.8252484060654	westMovingCar_219	1	2439.2327682344194	8.592480171646002
2451.71124915365	westMovingCar_220	1	2440.0921801803197	11.619068973330286
2455.5121653592546	westMovingCar_221	1	2442.9390534241375	12.57311193511714
2459.379954908486	westMovingCar_222	1	2454.84903435839	4.530920550096198
2503.2093585446123	westMovingCar_223	1	2459.728284073619	43.48107447099346
2507.466406588556	westMovingCar_224	1	2460.0254593399823	47.44094724857359
2511.484144132969	westMovingCar_225	1	2485.332748670641	26.151395462327855
2515.910739690674	westMovingCar_226	1	2493.452640964846	22.458098725827767
2520.1796285250557	westMovingCar_227	1	2496.0258065654434	24.153821959612287
2524.3037839773947	westMovingCar_228	1	2499.2760903786802	25.02769359871445
2528.1903370443197	westMovingCar_229	1	2499.7992872432264	28.39104980109323
2532.582791513839	westMovingCar_230	1	2521.564401644421	11.01838986941766
2569.335736086208	westMovingCar_231	1	2546.2869812022686	23.048754883939182
2573.625191425314	westMovingCar_232	1	2556.595046106496	17.030145318818086
2577.832053753803	westMovingCar_233	1	2574.1611495618454	3.670904191957561
2585.5395434128313	westMovingCar_234	1	2580.1167465909416	5.422796821889733
2590.125943606099	westMovingCar_235	1	2582.728795202374	7.3971484037251685
2594.4742361700464	westMovingCar_236	1	2583.859085379897	10.615150790149528
2598.3254161965815	westMovingCar_237	1	2591.259519336746	7.065896859835448
2617.4660159125283	westMovingCar_238	1	2604.464171315326	13.001844597202307
2621.86648725614	westMovingCar_239	1	2607.8796784853103	13.986808770829612
2642.7962842895568	westMovingCar_240	1	2638.773739174776	4.022545114780769
2646.6603623024607	westMovingCar_241	1	2642.2810069990533	4.379355303407465
2656.9184127353647	westMovingCar_242	1	2647.9929331617855	8.925479573579196
2660.734832201652	westMovingCar_243	1	2657.5488579250245	3.1859742766273484
2678.5433855415877	westMovingCar_244	1	2674.1225611101004	4.42082443148729
2684.199527985587	westMovingCar_245	1	2680.5864722170895	3.613055768497361
2697.771469273153	westMovingCar_246	1	2688.2663533114564	9.505115961696447
2701.7948897300876	westMovingCar_247	1	2693.2925078539834	8.50238187610421
2706.354280723754	westMovingCar_248	1	2695.086303096864	11.267977626890115
2709.878847394371	westMovingCar_249	1	2700.1840845552865	9.694762839084433
2735.6262890680136	westMovingCar_250	1	2732.203458336516	3.42283073149747
2757.2795896611397	westMovingCar_251	1	2751.2800438842523	5.999545776887317
2766.3883155457015	westMovingCar_252	1	2762.730580599801	3.6577349459003017
2771.0248576727904	westMovingCar_253	1	2764.3840428517265	6.640814821063941
2775.406277340341	westMovingCar_254	1	2766.2700452463896	9.136232093951548
2779.7143265553545	westMovingCar_255	1	2766.670132541741	13.044194013613378
2783.5106567096323	westMovingCar_256	1	2771.870056062874	11.64060064675823
2796.169126368608	westMovingCar_257	1	2791.904259754329	4.264866614279072
2800.383227797446	westMovingCar_258	1	2794.1383226820594	6.2449051153867
2804.5497690753673	westMovingCar_259	1	2797.142592606459	7.407176468908347
2808.3297806806895	westMovingCar_260	1	2798.348451906763	9.981328773926634
2812.79526487147	westMovingCar_261	1	2803.932528231381	8.86273664008877
2817.244397402308	westMovingCar_262	1	2808.427938798781	8.81645860352728
2905.4660266984097	westMovingCar_263	1	2818.8727860433764	86.59324065503324
2909.06385988188	westMovingCar_264	1	2823.3881774202996	85.67568246158044
2913.1673581976474	westMovingCar_265	1	2836.132752648918	77.03460554872936
2916.4872649989215	westMovingCar_266	1	2844.3415051175625	72.14575988135903
2921.2178851627473	westMovingCar_267	1	2847.918792461096	73.29909270165126
2925.122280019021	westMovingCar_268	1	2851.4860083313165	73.63627168770472
2929.8623708510713	westMovingCar_269	1	2861.138398277519	68.72397257355215
2934.818532322322	westMovingCar_270	1	2863.968183065923	70.85034925639911
2938.506570338251	westMovingCar_271	1	2872.9710229583097	65.53554737994136
2942.5673542204204	westMovingCar_272	1	2873.553988578389	69.0133656420312
2946.741843121104	westMovingCar_273	1	2875.7328277514425	71.00901536966148
2951.2564143112922	westMovingCar_274	1	2877.428497995594	73.82791631569808
2955.5791491658465	westMovingCar_275	1	2878.616879223167	76.96226994267954
2960.1262456228615	westMovingCar_276	1	2886.304626432746	73.8216191901156
2964.708180982163	westMovingCar_277	1	2896.465210281527	68.24297070063585
2969.512026808087	westMovingCar_278	1	2905.586141520399	63.925885287687834
2973.149883617428	westMovingCar_279	1	2923.094992695486	50.05489092194193
2976.670009968676	westMovingCar_280	1	2931.2544776382915	45.415532330384394
2980.9903743129685	westMovingCar_281	1	2938.2934747367385	42.69689957622995
2985.0133946447336	westMovingCar_282	1	2945.882097838143	39.1312968065904
2989.8192200260332	westMovingCar_283	1	2964.610553057276	25.20866696875737
2994.4614122550447	westMovingCar_284	1	2978.3043213966625	16.157090858382162
3118.5076002044893	westMovingCar_285	1	3024.9271114994485	93.5804887050408
3122.635685376695	westMovingCar_286	1	3039.710706897104	82.92497847959112
3126.592615761529	westMovingCar_287	1	3042.6138751292547	83.97874063227437
3130.927836893289	westMovingCar_288	1	3044.5827463827677	86.34509051052146
3135.8231127348067	westMovingCar_289	1	3065.4324953309306	70.39061740387615
3140.171936542146	westMovingCar_290	1	3073.4501886397807	66.72174790236522
3144.0986482112216	westMovingCar_291	1	3074.8214263104296	69.27722190079203
3148.4571018231854	westMovingCar_292	1	3085.0898819337654	63.367219889420085
3153.0972854262113	westMovingCar_293	1	3105.201490822647	47.895794603564354
3156.7772627419945	westMovingCar_294	1	3107.7208811520804	49.056381589914054
3160.8247227263005	westMovingCar_295	1	3108.0321522500903	52.79257047621013
3164.4274662124194	westMovingCar_296	1	3113.134511939133	51.29295427328634
3168.0199958744124	westMovingCar_297	1	3142.0028088118715	26.01718706254087
3171.6109792447637	westMovingCar_298	1	3144.137040294677	27.473938950086904
3175.585765370063	westMovingCar_299	1	3155.616643819009	19.969121551054286
3179.402299834511	westMovingCar_300	1	3167.0389370368503	12.363362797660557
3182.9297368228863	westMovingCar_301	1	3170.792042984072	12.137693838814357
3186.5008510726716	westMovingCar_302	1	3172.880111199758	13.620739872913418
3190.3994580415892	westMovingCar_303	1	3186.238459428847	4.160998612742333
3315.3418632773173	westMovingCar_304	1	3194.640369801241	120.7014934760764
3319.0562562395567	westMovingCar_305	1	3199.7221268056387	119.33412943391795
3323.4873425931296	westMovingCar_306	1	3211.773318956371	111.71402363675861
3327.9431547359204	westMovingCar_307	1	3241.0712652061334	86.87188952978704
3331.3132274273503	westMovingCar_308	1	3253.2031269426056	78.11010048474463
3334.936777178088	westMovingCar_309	1	3256.0221935180016	78.91458366008646
3339.4705965439402	westMovingCar_310	1	3276.7113214704373	62.75927507350298
3343.032353655284	westMovingCar_311	1	3277.351304051961	65.68104960332312
3347.34415093156	westMovingCar_312	1	3278.945786593153	68.39836433840674
3351.863881412052	westMovingCar_313	1	3285.4150331556825	66.44884825636927
3355.304931446659	westMovingCar_314	1	3289.3527736270776	65.95215781958132
3358.7857105025264	westMovingCar_315	1	3291.8227827004657	66.96292780206068
3362.72719083013	westMovingCar_316	1	3316.543312583963	46.18387824616684
3366.755709614975	westMovingCar_317	1	3331.794847737485	34.96086187749006
3370.7067558018493	westMovingCar_318	1	3334.341792718801	36.364963083048224
3374.1259511110306	westMovingCar_319	1	3341.077905251899	33.048045859131435
3377.7691702734683	westMovingCar_320	1	3341.4455271027573	36.323643170710966
3382.195517758978	westMovingCar_321	1	3353.508988722304	28.686529036674074
3385.868522381042	westMovingCar_322	1	3362.604271469674	23.26425091136798
3389.583175589792	westMovingCar_323	1	3373.4350225881085	16.148153001683568
3393.524086514254	westMovingCar_324	1	3383.2484663506	10.275620163653912
3397.2749065419553	westMovingCar_325	1	3384.939905578964	12.335000962991217
3401.4347249324105	westMovingCar_326	1	3386.418666200561	15.016058731849625
3404.970907920068	westMovingCar_327	1	3387.8978349790536	17.07307294101429
3408.7142597415627	westMovingCar_328	1	3390.715155714342	17.99910402722071
3532.753130797774	westMovingCar_329	1	3424.6046881760894	108.14844262168435
3536.5290521246757	westMovingCar_330	1	3444.275974061961	92.25307806271485
3540.239692615813	westMovingCar_331	1	3446.5957631698834	93.64392944592964
3544.023060067452	westMovingCar_332	1	3466.3873487432825	77.63571132416973
3548.44192006193	westMovingCar_333	1	3468.5432144380616	79.89870562386841
3552.160262777422	westMovingCar_334	1	3480.0814536100247	72.07880916739714
3555.6870802310036	westMovingCar_335	1	3491.5385605443043	64.14851968669927
3559.184178906792	westMovingCar_336	1	3522.082021945264	37.10215696152818
3563.1194782557745	westMovingCar_337	1	3541.221671662936	21.897806592838606
3566.788450833814	westMovingCar_338	1	3548.7830682123563	18.005382621457557
3571.1236167864854	westMovingCar_339	1	3550.8072422162263	20.316374570259086
3575.294085910863	westMovingCar_340	1	3567.243919584662	8.050166326201179
3580.016830911201	westMovingCar_341	1	3568.5338482513484	11.482982659852496
3704.891664417779	westMovingCar_342	1	3580.7935796191077	124.09808479867115
3709.0265337195415	westMovingCar_343	1	3581.5288624876257	127.49767123191577
3712.2051219853433	westMovingCar_344	1	3594.014064638895	118.19105734644836
3715.3465119764246	westMovingCar_345	1	3609.2720822284887	106.07442974793594
3719.3050618148095	westMovingCar_346	1	3612.7201888199897	106.58487299481976
3723.583909168308	westMovingCar_347	1	3615.098176269888	108.48573289841988
3726.8454875477896	westMovingCar_348	1	3626.212063368991	100.63342417879858
3730.605204430965	westMovingCar_349	1	3628.041102046309	102.56410238465605
3734.8031744717955	westMovingCar_350	1	3647.136812353765	87.66636211803052
3738.649165479317	westMovingCar_351	1	3652.9082271255247	85.74093835379244
3742.49028309191	westMovingCar_352	1	3657.297089357993	85.19319373391681
3746.4524533114027	westMovingCar_353	1	3662.3900708832084	84.06238242819427
3750.082204131052	westMovingCar_354	1	3664.5029322719415	85.57927185911058
3754.9051875982595	westMovingCar_355	1	3676.2205703308796	78.68461726737996
3758.5980136744033	westMovingCar_356	1	3681.8074974954243	76.79051617897903
3762.6580609531393	westMovingCar_357	1	3684.5504734994256	78.10758745371368
3766.1380531614022	westMovingCar_358	1	3708.528026015322	57.61002714608003
3770.6924450585516	westMovingCar_359	1	3713.941413671824	56.75103138672739
3774.831556948921	westMovingCar_360	1	3732.2993127558907	42.53224419303024
3779.1844457741213	westMovingCar_361	1	3735.566408173121	43.618037601000196
3782.97692255878	westMovingCar_362	1	3739.901553991863	43.075368566917405
3786.330828280951	westMovingCar_363	1	3764.8772800831284	21.453548197822784
3790.0058176828948	westMovingCar_364	1	3772.9632169474826	17.04260073541218
3793.5752308035107	westMovingCar_365	1	3783.458269511857	10.116961291653752
3798.242237864732	westMovingCar_366	1	3783.653528647544	14.588709217187898
3923.258084369431	westMovingCar_367	1	3798.835718840813	124.42236552861777
3927.4131140592435	westMovingCar_368	1	3799.993823515409	127.41929054383445
3930.6099886006423	westMovingCar_369	1	3819.3536970427895	111.25629155785282
3934.9002534770198	westMovingCar_370	1	3834.2414778130424	100.6587756639774
3939.084089896981	westMovingCar_371	1	3845.300080182528	93.78400971445308
3943.143127889607	westMovingCar_372	1	3856.6404577202425	86.50267016936459
3946.928159373449	westMovingCar_373	1	3866.7973169995958	80.13084237385328
3951.6358428564536	westMovingCar_374	1	3867.9588122651776	83.67703059127598
3955.404057139254	westMovingCar_375	1	3868.8715179834526	86.53253915580126
3959.3339776543276	westMovingCar_376	1	3880.7589683568076	78.57500929751995
3963.4638179061576	westMovingCar_377	1	3882.699024073839	80.76479383231845
3966.849873629771	westMovingCar_378	1	3888.212073024152	78.6378006056193
3971.2864522754926	westMovingCar_379	1	3903.3254909928546	67.96096128263798
3974.4273147086406	westMovingCar_380	1	3918.898651644841	55.52866306379974
3978.2485174130975	westMovingCar_381	1	3921.115550168287	57.132967244810516
3982.6308764018036	westMovingCar_382	1	3931.2409333455853	51.38994305621827
3986.4955555916663	westMovingCar_383	1	3946.434555616697	40.06099997496949
3990.42768184455	westMovingCar_384	1	3956.460293902745	33.9673879418051
3993.7591144363214	westMovingCar_385	1	3975.743875683755	18.015238752566347
3998.0894114707366	westMovingCar_386	1	3984.5904423155853	13.498969155151372
4002.138939500765	westMovingCar_387	1	3985.0636133622716	17.075326138493438
4006.873679504465	westMovingCar_388	1	3990.406211594856	16.46746790960924
4010.9451280737226	westMovingCar_389	1	3996.384256997011	14.560871076711464
4014.5104220234225	westMovingCar_390	1	4002.939941810013	11.57048021340961
4142.381782072828	westMovingCar_391	1	4027.5213663214154	114.8604157514128
4146.599776259187	westMovingCar_392	1	4055.09023209737	91.50954416181685
4150.251266270535	westMovingCar_393	1	4059.411599402296	90.83966686823896
4153.944152908698	westMovingCar_394	1	4061.691473974277	92.25267893442106
4157.701436420063	westMovingCar_395	1	4068.7860201556814	88.91541626438175
4161.86647526936	westMovingCar_396	1	4092.3288829083617	69.53759236099859
4165.331779489234	westMovingCar_397	1	4100.042952615783	65.28882687345049
4169.130189293122	westMovingCar_398	1	4108.728689356673	60.401499936449
4172.205276230857	westMovingCar_399	1	4114.384339276904	57.820936953952696
4176.254800163573	westMovingCar_400	1	4125.687457845406	50.56734231816699
4180.1489558479025	westMovingCar_401	1	4131.560586031854	48.588369816048726
4184.038856014752	westMovingCar_402	1	4141.730936906143	42.307919108608985
4187.802574047815	westMovingCar_403	1	4165.593422460529	22.209151587286215
4191.756067065041	westMovingCar_404	1	4179.507663501633	12.24840356340792
4318.85932819171	westMovingCar_405	1	4197.236197897455	121.62313029425513
4323.10761963832	westMovingCar_406	1	4207.623095297387	115.4845243409327
4327.890299018536	westMovingCar_407	1	4219.766927670762	108.12337134777408
4332.500924477089	westMovingCar_408	1	4225.505545221119	106.99537925596997
4336.387348077262	westMovingCar_409	1	4232.833679226517	103.55366885074454
4341.148088550152	westMovingCar_410	1	4233.980938553319	107.16714999683336
4345.258684387331	westMovingCar_411	1	4257.07392716163	88.1847572257011
4349.341768092723	westMovingCar_412	1	4265.204029063353	84.1377390293701
4353.397823441892	westMovingCar_413	1	4287.488972385039	65.90885105685265
4357.4742936602615	westMovingCar_414	1	4287.946311891511	69.52798176875058
4361.755523401528	westMovingCar_415	1	4301.104275655588	60.651247745940054
4365.733172704405	westMovingCar_416	1	4312.02326613315	53.70990657125458
4369.940143634509	westMovingCar_417	1	4312.438535250064	57.50160838444481
4373.801129903213	westMovingCar_418	1	4325.71774177853	48.08338812468355
4377.193613064251	westMovingCar_419	1	4329.451305090682	47.74230797356904
4381.771886420133	westMovingCar_420	1	4330.424279416558	51.34760700357492
4386.049673417997	westMovingCar_421	1	4337.1096155598525	48.94005785814443
4390.284736352817	westMovingCar_422	1	4348.934332247584	41.35040410523288
4393.714666634128	westMovingCar_423	1	4351.539556981935	42.17510965219299
4398.512432406234	westMovingCar_424	1	4353.947594064305	44.56483834192932
4402.681397541139	westMovingCar_425	1	4357.970572205158	44.7108253359811
4406.796076053373	westMovingCar_426	1	4384.23010466083	22.56597139254336
4410.800544034986	westMovingCar_427	1	4391.309288196532	19.49125583845398
4414.981382449213	westMovingCar_428	1	4399.953576001949	15.027806447264084
4418.901906720935	westMovingCar_429	1	4409.216972443884	9.68493427705107
4423.085328250813	westMovingCar_430	1	4417.272613821355	5.812714429458538
4549.020439569244	westMovingCar_431	1	4423.895995521355	125.12444404788948
4553.086114033	westMovingCar_432	1	4424.825080454597	128.26103357840293
4557.20757843542	westMovingCar_433	1	4432.42156011085	124.78601832457025
4561.427638274616	westMovingCar_434	1	4440.878445625119	120.54919264949694
4565.782788144305	westMovingCar_435	1	4452.429094975197	113.35369316910874
4569.62150606552	westMovingCar_436	1	4453.329831538052	116.29167452746879
4573.20111405347	westMovingCar_437	1	4456.214636869597	116.98647718387292
4577.067248212621	westMovingCar_438	1	4456.842750614266	120.2244975983549
4580.846030221976	westMovingCar_439	1	4469.2674415857955	111.57858863618094
4585.069541912412	westMovingCar_440	1	4471.155770295708	113.91377161670425
4589.675184369962	westMovingCar_441	1	4475.619512376603	114.05567199335928
4593.788610615377	westMovingCar_442	1	4478.172264611399	115.61634600397792
4598.497886563528	westMovingCar_443	1	4488.372334438088	110.12555212543975
4602.115048710267	westMovingCar_444	1	4501.323705768783	100.79134294148389
4605.91989927688	westMovingCar_445	1	4508.644566642742	97.27533263413807
4610.400235863917	westMovingCar_446	1	4517.612576488727	92.78765937518983
4614.644819136374	westMovingCar_447	1	4521.377953743569	93.2668653928049
4618.846068177537	westMovingCar_448	1	4527.742935954225	91.10313222331206
4622.377556123597	westMovingCar_449	1	4528.097756846402	94.2797992771948
4625.611178927525	westMovingCar_450	1	4531.824615151775	93.78656377574953
4629.773119964852	westMovingCar_451	1	4535.644175364432	94.12894460042025
4633.009829203223	westMovingCar_452	1	4535.829853544825	97.17997565839778
4636.471530482875	westMovingCar_453	1	4537.553465261846	98.91806522102888
4640.899567077186	westMovingCar_454	1	4553.250015975541	87.64955110164465
4645.163013984541	westMovingCar_455	1	4556.046399307987	89.11661467655449
4649.209760609986	westMovingCar_456	1	4557.651293119948	91.55846749003831
4653.606214894792	westMovingCar_457	1	4564.572409374306	89.03380552048657
4657.5636880924185	westMovingCar_458	1	4606.101541499569	51.46214659284942
4661.42758387352	westMovingCar_459	1	4608.547640518599	52.879943354921124
4665.0073616865975	westMovingCar_460	1	4617.588601851188	47.41875983540922
4668.6220520008965	westMovingCar_461	1	4628.27934449283	40.34270750806627
4795.656876462983	westMovingCar_462	1	4632.814458267936	162.84241819504678
4800.220141355603	westMovingCar_463	1	4637.81457373466	162.40556762094275
4804.309747442359	westMovingCar_464	1	4642.504237609484	161.80550983287503
4808.353080402222	westMovingCar_465	1	4658.686207740644	149.66687266157805
4812.828517471071	westMovingCar_466	1	4660.605951016718	152.222566454353
4816.208863396677	westMovingCar_467	1	4666.398417126092	149.8104462705851
4820.8847817566175	westMovingCar_468	1	4667.9315050163805	152.95327674023702
4824.670547895268	westMovingCar_469	1	4676.580013870405	148.0905340248628
4828.316008100868	westMovingCar_470	1	4687.4576201408145	140.85838796005373
4832.207833158283	westMovingCar_471	1	4699.437092137819	132.7707410204648
4835.735407563745	westMovingCar_472	1	4714.179268498449	121.55613906529561
4839.978973939793	westMovingCar_473	1	4717.190650733945	122.78832320584752
4844.094857464877	westMovingCar_474	1	4781.988525219204	62.106332245673
4848.4132986758	westMovingCar_475	1	4813.315305771396	35.09799290440424
4853.022296447011	westMovingCar_476	1	4815.928403854638	37.09389259237287
4857.365414422425	westMovingCar_477	1	4826.5212081354575	30.844206286967164
4860.742556840386	westMovingCar_478	1	4828.330971242907	32.411585597478734
4864.999846943616	westMovingCar_479	1	4833.287725621885	31.712121321730592
4990.611515601058	westMovingCar_480	1	4872.0706343306565	118.54088127040177
4994.477418979208	westMovingCar_481	1	4887.377526167495	107.09989281171329
4998.087233505503	westMovingCar_482	1	4894.519073143384	103.56816036211876
5002.33717150847	westMovingCar_483	1	4899.516199607914	102.82097190055629
5006.168619088832	westMovingCar_484	1	4905.2476356638645	100.92098342496774
5009.660800543592	westMovingCar_485	1	4924.597993847153	85.06280669643911
5013.727605322414	westMovingCar_486	1	4936.056783595989	77.67082172642495
5017.136834819958	westMovingCar_487	1	4944.860670691129	72.2761641288289
5020.801943533504	westMovingCar_488	1	4954.685128500345	66.11681503315867
5025.110489471747	westMovingCar_489	1	4961.012982514191	64.0975069575561
5028.620457505818	westMovingCar_490	1	4968.15943584207	60.4610216637484
5032.396922507541	westMovingCar_491	1	4973.226052026696	59.170870480844314
5036.105301432533	westMovingCar_492	1	4997.640644378478	38.46465705405535
5040.140942801931	westMovingCar_493	1	5004.279213962329	35.86172883960171
5043.9839087424725	westMovingCar_494	1	5025.326563396593	18.65734534587955
5047.646870754175	westMovingCar_495	1	5026.675802122818	20.97106863135741
5051.101813330671	westMovingCar_496	1	5039.2276868821245	11.874126448546122
5055.29070290491	westMovingCar_497	1	5043.41936130001	11.871341604900408
5114.7632844047275	westMovingCar_498	1	5063.91212034872	50.85116405600729
5118.513671166157	westMovingCar_499	1	5068.870313049284	49.64335811687306
5122.202533910145	westMovingCar_500	1	5072.436422375335	49.76611153481008
5126.108580465146	westMovingCar_501	1	5111.633765233939	14.474815231206776
5129.834653733537	westMovingCar_502	1	5117.744798473582	12.089855259955584
5134.828246977907	westMovingCar_503	1	5122.626092285663	12.202154692244221
5138.4966439184245	westMovingCar_504	1	5125.217698121191	13.278945797233973
5169.771920193109	westMovingCar_505	1	5145.773578548806	23.998341644302855
5173.454510301447	westMovingCar_506	1	5154.848768402992	18.605741898454653
5177.685117832313	westMovingCar_507	1	5158.007416701325	19.67770113098777
5182.096671686426	westMovingCar_508	1	5168.1559693104755	13.940702375950423
5213.403469084425	westMovingCar_509	1	5202.416805514795	10.986663569629854
5218.0976253458875	westMovingCar_510	1	5203.3726394626165	14.724985883271074
5222.19547374031	westMovingCar_511	1	5209.295874486569	12.899599253741144
5226.125806586392	westMovingCar_512	1	5215.289348177252	10.836458409140505
5230.063995559901	westMovingCar_513	1	5224.883873293377	5.18012226652354
5272.611347998005	westMovingCar_514	1	5233.638544731798	38.97280326620694
5276.7997166334835	westMovingCar_515	1	5238.190168421654	38.60954821182986
5281.08319387818	westMovingCar_516	1	5249.598306549909	31.484887328271725
5285.738772276604	westMovingCar_517	1	5265.370086732258	20.36868554434659
5302.194853774473	westMovingCar_518	1	5293.159291694512	9.035562079960982
5318.470558756474	westMovingCar_519	1	5311.786370772649	6.684187983824813
5322.095545818173	westMovingCar_520	1	5315.489872893617	6.605672924556529
5326.295629563204	westMovingCar_521	1	5316.978021222469	9.317608340735205
5356.053278933976	westMovingCar_522	1	5332.80989327555	23.243385658425723
5360.186616282117	westMovingCar_523	1	5345.007364064031	15.179252218085821
5364.379474960841	westMovingCar_524	1	5359.500556449696	4.878918511145457
5372.187107807234	westMovingCar_525	1	5367.08372816715	5.1033796400834035
5375.2532093738055	westMovingCar_526	1	5371.202639989491	4.050569384314258
5393.060670799662	westMovingCar_527	1	5388.144376620667	4.916294178995486
5414.318417719781	westMovingCar_528	1	5401.861836312795	12.456581406985606
5418.8546883284125	westMovingCar_529	1	5402.277746237087	16.57694209132569
5422.2533935502715	westMovingCar_530	1	5406.02160983497	16.23178371530139
5426.724941451222	westMovingCar_531	1	5411.305426966974	15.419514484247884
5430.23228632646	westMovingCar_532	1	5412.74550089213	17.48678543433016
5434.7856743019165	westMovingCar_533	1	5415.145606196934	19.640068104982674
5438.7254587343205	westMovingCar_534	1	5415.407220655413	23.318238078907598
5441.968961342904	westMovingCar_535	1	5428.391020018709	13.577941324194398
5504.291920421759	westMovingCar_536	1	5451.9477059001865	52.34421452157221
5508.460356083246	westMovingCar_537	1	5466.493236122551	41.96711996069462
5512.35913359099	westMovingCar_538	1	5473.092854567698	39.266279023291645
5517.098389669986	westMovingCar_539	1	5487.870753760957	29.22763590902923
5521.356116570236	westMovingCar_540	1	5492.434297477413	28.92181909282317
5525.293583402843	westMovingCar_541	1	5507.513110325787	17.78047307705583
5587.2633152470535	westMovingCar_542	1	5538.333734063636	48.92958118341721
5591.619904983499	westMovingCar_543	1	5539.575564414584	52.04434056891478
5595.421105916767	westMovingCar_544	1	5550.3419471650695	45.07915875169783
5599.050168225407	westMovingCar_545	1	5557.533390357456	41.51677786795153
5602.88131162934	westMovingCar_546	1	5558.860410384293	44.02090124504775
5606.97269166727	westMovingCar_547	1	5562.533611400306	44.43908026696408
5610.934620763045	westMovingCar_548	1	5566.411783198447	44.522837564598376
5685.381392312886	westMovingCar_549	1	5612.800882792948	72.58050951993846
5688.935909397637	westMovingCar_550	1	5620.966152020148	67.96975737748926
5692.280555070968	westMovingCar_551	1	5628.836583563855	63.44397150711302
5696.025656496322	westMovingCar_552	1	5642.9799430149105	53.04571348141144
5699.8176707109815	westMovingCar_553	1	5647.992256203232	51.82541450774988
5703.80982739442	westMovingCar_554	1	5654.947315088096	48.86251230632388
5708.394605939197	westMovingCar_555	1	5675.851706212144	32.54289972705374
5712.489791506259	westMovingCar_556	1	5689.48025282673	23.009538679529214
5716.476786390799	westMovingCar_557	1	5693.214448942419	23.262337448380094
5719.977864729397	westMovingCar_558	1	5693.852711521984	26.12515320741295
5723.76846176301	westMovingCar_559	1	5695.707437497201	28.061024265809465
5727.988414430787	westMovingCar_560	1	5705.189882305192	22.798532125594647
5731.6290538878175	westMovingCar_561	1	5717.921584560147	13.707469327670879
5735.7036092176095	westMovingCar_562	1	5725.778025128712	9.925584088897267
5813.62818820195	westMovingCar_563	1	5736.189684203298	77.43850399865187
5817.396841149013	westMovingCar_564	1	5741.906999814287	75.4898413347264
5822.2500719299005	westMovingCar_565	1	5748.63613410815	73.61393782175037
5826.643208548672	westMovingCar_566	1	5750.384984177383	76.25822437128954
5830.690494169485	westMovingCar_567	1	5764.009519535855	66.68097463362938
5835.142455750423	westMovingCar_568	1	5771.364893452301	63.777562298122575
5839.5878409658935	westMovingCar_569	1	5771.457435699377	68.13040526651639
5844.025776336967	westMovingCar_570	1	5778.756304354839	65.26947198212838
5847.362207999061	westMovingCar_571	1	5785.295936746799	62.066271252261686
5851.471529338049	westMovingCar_572	1	5795.565944754618	55.90558458343094
5855.53985639049	westMovingCar_573	1	5799.780781894302	55.75907449618808
5859.084456039857	westMovingCar_574	1	5801.619449133895	57.46500690596258
5863.1988685402075	westMovingCar_575	1	5807.891227403451	55.3076411367565
5868.087448680334	westMovingCar_576	1	5825.038393160797	43.04905551953743
5872.081873960502	westMovingCar_577	1	5826.230072089837	45.85180187066453
5875.701618481401	westMovingCar_578	1	5827.389249028974	48.31236945242745
5880.143867762362	westMovingCar_579	1	5827.763041366796	52.380826395566146
5883.556026028897	westMovingCar_580	1	5828.420108960409	55.13591706848729
5887.199656375814	westMovingCar_581	1	5828.443680041292	58.75597633452162
5890.565691973558	westMovingCar_582	1	5834.843398196921	55.72229377663734
5894.977168377648	westMovingCar_583	1	5854.346219262043	40.63094911560529
5898.396880182866	westMovingCar_584	1	5857.692508314286	40.70437186857998
5902.512719114126	westMovingCar_585	1	5865.975726501909	36.536992612217546
5906.882566133213	westMovingCar_586	1	5876.395340067081	30.48722606613228
5910.348926751391	westMovingCar_587	1	5887.444235214275	22.904691537116378
5913.996009776494	westMovingCar_588	1	5897.537187019034	16.45882275746044
5917.99796387352	westMovingCar_589	1	5906.345725821639	11.652238051881795
6044.103915226579	westMovingCar_590	1	5928.310845726459	115.79306950012051
6048.301812784887	westMovingCar_591	1	5937.944019977705	110.3577928071827
6051.659380379285	westMovingCar_592	1	5952.640343392637	99.01903698664773
6055.373518419479	westMovingCar_593	1	5952.945581021283	102.42793739819626
6058.8322649265265	westMovingCar_594	1	5978.223434796107	80.60883013041985
6062.417404217185	westMovingCar_595	1	6001.273261192978	61.14414302420755
6065.794251526211	westMovingCar_596	1	6042.348307040655	23.445944485556538
6069.439107366866	westMovingCar_597	1	6043.19518872631	26.24391864055542
6073.4278253858065	westMovingCar_598	1	6045.993118265266	27.434707120540224
6077.68913481562	westMovingCar_599	1	6047.328563498893	30.360571316726237
6081.759395072688	westMovingCar_600	1	6069.691467491114	12.067927581573713
6086.022183979021	westMovingCar_601	1	6076.38598931765	9.636194661371519
6210.772060857322	westMovingCar_602	1	6092.847267162743	117.92479369457851
6214.829502011797	westMovingCar_603	1	6093.453948064228	121.37555394756873
6219.049762502762	westMovingCar_604	1	6095.776544303343	123.2732181994188
6223.027972488736	westMovingCar_605	1	6119.506749156519	103.52122333221723
6226.524766035539	westMovingCar_606	1	6122.984265204874	103.54050083066522
6230.223014230645	westMovingCar_607	1	6123.197783172289	107.02523105835644
6234.02868126296	westMovingCar_608	1	6126.325968724037	107.70271253892315
6237.116048478536	westMovingCar_609	1	6132.938786326372	104.17726215216408
6241.4223284810905	westMovingCar_610	1	6144.493077638329	96.92925084276158
6245.2953422219825	westMovingCar_611	1	6149.048548565203	96.24679365677912
6250.193931051853	westMovingCar_612	1	6154.03024042751	96.16369062434296
6254.074960424201	westMovingCar_613	1	6159.250805620321	94.82415480387954
6258.70302661388	westMovingCar_614	1	6175.369644798384	83.33338181549607
6262.152520419204	westMovingCar_615	1	6176.127941442779	86.02457897642489
6266.018749160552	westMovingCar_616	1	6184.907841535717	81.11090762483491
6270.118924431938	westMovingCar_617	1	6194.422627422403	75.69629700953465
6274.299525068449	westMovingCar_618	1	6198.396241444025	75.90328362442415
6278.260040061173	westMovingCar_619	1	6206.228582575038	72.03145748613497
6282.252576456648	westMovingCar_620	1	6206.2770426835295	75.97553377311851
6285.967381203845	westMovingCar_621	1	6209.547631260202	76.41974994364318
6289.43804811131	westMovingCar_622	1	6214.169531887196	75.26851622411414
6293.3760098766015	westMovingCar_623	1	6216.772068054894	76.60394182170785
6296.86939115359	westMovingCar_624	1	6224.552400162003	72.31699099158686
6300.981242050308	westMovingCar_625	1	6225.456931329891	75.5243107204169
6305.225637551052	westMovingCar_626	1	6239.890628048804	65.3350095022488
6308.8586570958705	westMovingCar_627	1	6253.559646536993	55.29901055887785
6312.774962038665	westMovingCar_628	1	6254.277111515985	58.49785052267998
6317.132173660087	westMovingCar_629	1	6265.625487220407	51.50668643967947
6322.032575169461	westMovingCar_630	1	6270.449173801513	51.58340136794777
6325.162608939694	westMovingCar_631	1	6278.783998841136	46.378610098558056
6329.215757343579	westMovingCar_632	1	6284.416690443949	44.799066899629906
6456.009507477398	westMovingCar_633	1	6330.6229066340475	125.3866008433506
6459.959606700903	westMovingCar_634	1	6334.241532598386	125.71807410251768
6464.060216791008	westMovingCar_635	1	6338.964477641669	125.09573914933935
6469.048668511989	westMovingCar_636	1	6354.261131629431	114.78753688255802
6474.006075955166	westMovingCar_637	1	6361.047874777225	112.95820117794119
6477.190076717107	westMovingCar_638	1	6362.20808441988	114.98199229722741
6481.221224856998	westMovingCar_639	1	6370.209480716615	111.01174414038269
6485.102900216003	westMovingCar_640	1	6392.256627892616	92.84627232338698
6489.132556436244	westMovingCar_641	1	6402.410187048326	86.72236938791775
6493.398058455381	westMovingCar_642	1	6414.632568711256	78.76548974412526
6496.990773137144	westMovingCar_643	1	6415.6946967633785	81.29607637376557
6501.581586475015	westMovingCar_644	1	6451.4446388085735	50.1369476664413
6506.112424175866	westMovingCar_645	1	6451.80136654125	54.31105763461619
6510.096339225618	westMovingCar_646	1	6471.131974111467	38.964365114151406
6513.587278627719	westMovingCar_647	1	6488.005518257362	25.581760370356278
6517.959387628666	westMovingCar_648	1	6488.963558643656	28.99582898501012
6522.574191226747	westMovingCar_649	1	6490.115500349976	32.45869087677056
6526.576032880837	westMovingCar_650	1	6492.244509938888	34.331522941949515
6530.607873212375	westMovingCar_651	1	6493.321041614055	37.28683159832053
6534.344436138863	westMovingCar_652	1	6500.897156066002	33.44728007286085
6538.212088687885	westMovingCar_653	1	6502.565098921687	35.646989766197294
6542.721009897319	westMovingCar_654	1	6515.123025679055	27.597984218264173
6546.28591249638	westMovingCar_655	1	6519.509587178531	26.776325317849114
6551.077574320065	westMovingCar_656	1	6524.89428960286	26.183284717204515
6555.144089509635	westMovingCar_657	1	6544.607362801435	10.536726708200149
6681.457044591583	westMovingCar_658	1	6559.851709162029	121.60533542955454
6685.9053044494885	westMovingCar_659	1	6565.05109647313	120.85420797635834
6690.355962387553	westMovingCar_660	1	6579.618530854742	110.73743153281066
6694.263984602814	westMovingCar_661	1	6586.551333299244	107.71265130357006
6698.895946215195	westMovingCar_662	1	6589.937478783725	108.95846743147013
6703.594522499571	westMovingCar_663	1	6609.653634936232	93.94088756333895
6707.814875042796	westMovingCar_664	1	6614.321751771777	93.49312327101961
6712.4084815599535	westMovingCar_665	1	6614.620429806736	97.78805175321759
6716.436782754039	westMovingCar_666	1	6616.338305370216	100.09847738382268
6720.447215001851	westMovingCar_667	1	6633.308421160231	87.1387938416201
6724.560991311972	westMovingCar_668	1	6636.579880760562	87.98111055140998
6728.762303574609	westMovingCar_669	1	6642.651282325751	86.11102124885838
6732.953711847615	westMovingCar_670	1	6648.2691293480475	84.68458249956711
6737.056911446237	westMovingCar_671	1	6657.302076563023	79.75483488321424
6741.337106904214	westMovingCar_672	1	6660.804818854033	80.5322880501808
6744.780561596983	westMovingCar_673	1	6676.474760393268	68.30580120371451
6748.616395207277	westMovingCar_674	1	6676.6863501762045	71.93004503107204
6752.848867679926	westMovingCar_675	1	6692.262111595487	60.586756084439
6756.575541063092	westMovingCar_676	1	6708.006350755935	48.56919030715653
6760.342738970062	westMovingCar_677	1	6739.4572887992845	20.885450170777403
6883.861786018108	westMovingCar_678	1	6762.794787531203	121.0669984869055
6887.4064733424275	westMovingCar_679	1	6762.903629895449	124.50284344697866
6891.476873854677	westMovingCar_680	1	6763.935942625883	127.54093122879385
6896.185669183718	westMovingCar_681	1	6787.715005491736	108.47066369198274
6900.634433679421	westMovingCar_682	1	6798.695690011189	101.93874366823184
6904.659814697378	westMovingCar_683	1	6801.931849501751	102.7279651956278
6908.436777635638	westMovingCar_684	1	6802.906344461416	105.5304331742218
6913.189107246649	westMovingCar_685	1	6805.501587702689	107.68751954395975
6917.0955942864375	westMovingCar_686	1	6812.150150296514	104.94544398992366
6920.618048692935	westMovingCar_687	1	6812.588424033362	108.02962465957353
6925.106502296371	westMovingCar_688	1	6813.775498742602	111.33100355376882
6929.230150128711	westMovingCar_689	1	6817.6251330774285	111.60501705128263
6933.5604229135915	westMovingCar_690	1	6820.222370466586	113.3380524470058
6937.520393120112	westMovingCar_691	1	6824.974435469562	112.54595765055001
6940.745071019209	westMovingCar_692	1	6856.5630962008945	84.1819748183143
6944.3920303129735	westMovingCar_693	1	6858.187896749806	86.20413356316749
6948.65758744393	westMovingCar_694	1	6881.772285370985	66.8853020729457
6953.334709756406	westMovingCar_695	1	6895.605229907631	57.729479848774645
6957.727916492329	westMovingCar_696	1	6910.862403627173	46.865512865156234
6962.118267400236	westMovingCar_697	1	6916.366628317348	45.75163908288778
6966.125709209759	westMovingCar_698	1	6933.435612607184	32.69009660257507
6970.8139614441625	westMovingCar_699	1	6937.613185508066	33.20077593609676
6973.920283293325	westMovingCar_700	1	6951.498324463122	22.42195883020304
6978.357830634135	westMovingCar_701	1	6966.249619331119	12.108211303016105
6982.53073023248	westMovingCar_702	1	6977.475843073062	5.054887159418286
7106.761456200862	westMovingCar_703	1	6991.152358835763	115.60909736509893
7110.356983385422	westMovingCar_704	1	7005.199589580973	105.15739380444847
7115.02241752207	westMovingCar_705	1	7010.032630737007	104.98978678506319
7118.850717167363	westMovingCar_706	1	7017.294778222178	101.55593894518461
7123.297738352569	westMovingCar_707	1	7019.79327359639	103.504464756179
7127.261457170549	westMovingCar_708	1	7020.50879359814	106.75266357240889
7131.543852369242	westMovingCar_709	1	7022.906767415816	108.63708495342598
7134.634507637266	westMovingCar_710	1	7033.953549024543	100.68095861272377
7138.265679737077	westMovingCar_711	1	7043.324174471779	94.94150526529847
7142.1058541598295	westMovingCar_712	1	7053.0473948707895	89.05845928904
7146.212842065643	westMovingCar_713	1	7062.6389664824665	83.57387558317623
7150.34481454689	westMovingCar_714	1	7089.888709533683	60.45610501320698
7153.445142169217	westMovingCar_715	1	7092.921657340953	60.52348482826437
7156.7778541079	westMovingCar_716	1	7102.131193976698	54.646660131201315
7161.47037304169	westMovingCar_717	1	7132.2698307888995	29.20054225279091
7165.423462106479	westMovingCar_718	1	7132.676549695342	32.74691241113669
7170.046085730243	westMovingCar_719	1	7134.753610715885	35.29247501435839
7174.259177229074	westMovingCar_720	1	7139.363210544732	34.895966684342056
7178.092354342151	westMovingCar_721	1	7143.14059305793	34.95176128422099
7182.018270073553	westMovingCar_722	1	7160.082319155233	21.935950918320486
7185.918517241384	westMovingCar_723	1	7176.564912254106	9.353604987277322
7189.911833125405	westMovingCar_724	1	7177.619165184236	12.292667941168474
7194.049624244392	westMovingCar_725	1	7180.18873405885	13.860890185542303
7320.7280217333155	westMovingCar_726	1	7196.460773435899	124.2672482974167
7323.749073211842	westMovingCar_727	1	7203.490976512674	120.25809669916816
7328.006944686314	westMovingCar_728	1	7206.851903534966	121.15504115134718
7331.7312567383	westMovingCar_729	1	7216.528950933119	115.20230580518091
7336.7207201624915	westMovingCar_730	1	7238.00697410082	98.71374606167137
7341.0778161860035	westMovingCar_731	1	7241.591088031882	99.48672815412192
7345.00901793377	westMovingCar_732	1	7242.779577222207	102.22944071156326
7348.139062004648	westMovingCar_733	1	7243.703510859398	104.43555114524952
7351.457404033405	westMovingCar_734	1	7245.796831227401	105.66057280600398
7355.987938194361	westMovingCar_735	1	7257.088207576647	98.89973061771434
7359.477817618545	westMovingCar_736	1	7277.533823692924	81.94399392562082
7363.88107441628	westMovingCar_737	1	7295.748073876965	68.13300053931562
7368.668255051965	westMovingCar_738	1	7318.615018384083	50.05323666788263
7372.8400144914995	westMovingCar_739	1	7329.87758832079	42.96242617070948
7376.106833360479	westMovingCar_740	1	7351.561561629565	24.545271730913555
7380.003188008026	westMovingCar_741	1	7355.119471192148	24.88371681587796
7384.312618509804	westMovingCar_742	1	7364.103193250122	20.209425259682575
7387.630709800406	westMovingCar_743	1	7364.544692403292	23.08601739711412
7390.74647930561	westMovingCar_744	1	7364.751195201144	25.99528410446601
7394.545985409341	westMovingCar_745	1	7380.630451314742	13.915534094599025
7398.426060544954	westMovingCar_746	1	7391.369392489137	7.056668055817681
7403.093246448654	westMovingCar_747	1	7393.649563112124	9.44368333652983
7407.985215409422	westMovingCar_748	1	7402.547304525579	5.43791088384296
7412.633161710736	westMovingCar_749	1	7403.787251139392	8.845910571344575
7538.261906968739	westMovingCar_750	1	7416.766899196201	121.49500777253797
7542.421680320493	westMovingCar_751	1	7422.5270626596	119.89461766089244
7546.713489223916	westMovingCar_752	1	7429.6835503312	117.02993889271602
7551.00294042553	westMovingCar_753	1	7432.197128158091	118.80581226743925
7555.291313477114	westMovingCar_754	1	7436.983180867729	118.30813260938521
7559.666500579649	westMovingCar_755	1	7446.368909481377	113.29759109827228
7563.645392527438	westMovingCar_756	1	7460.431367914979	103.21402461245907
7567.405575709398	westMovingCar_757	1	7471.855732962428	95.54984274697017
7570.720803283831	westMovingCar_758	1	7475.396916243921	95.32388703991
7574.415143228142	westMovingCar_759	1	7478.684829130916	95.73031409722626
7577.850150011055	westMovingCar_760	1	7486.962237438933	90.88791257212233
7582.1266489612735	westMovingCar_761	1	7501.9208729396605	80.20577602161302
7585.655930509266	westMovingCar_762	1	7513.916519398917	71.73941111034856
7589.89935610305	westMovingCar_763	1	7572.7948658396845	17.104490263365733
7593.283622818076	westMovingCar_764	1	7581.839075137834	11.444547680242067
7597.578623510657	westMovingCar_765	1	7589.154502360938	8.424121149719213
7601.444721330751	westMovingCar_766	1	7592.895076526	8.549644804751551
7700.185237640522	westMovingCar_767	1	7618.917271532361	81.26796610816109
7703.618966011472	westMovingCar_768	1	7619.027425622064	84.59154038940869
7708.050228238503	westMovingCar_769	1	7619.878200748576	88.17202748992713
7711.337157433613	westMovingCar_770	1	7622.553573319407	88.78358411420595
7714.524297122445	westMovingCar_771	1	7648.1393202662985	66.38497685614675
7718.451200425609	westMovingCar_772	1	7657.210234080033	61.24096634557645
7722.24000109589	westMovingCar_773	1	7662.302300280828	59.93770081506227
7726.905427911743	westMovingCar_774	1	7680.537683745391	46.36774416635126
7730.797859059868	westMovingCar_775	1	7686.659078119033	44.138780940834295
7734.593064756277	westMovingCar_776	1	7691.104012248137	43.48905250814005
7737.723601791561	westMovingCar_777	1	7714.6334017939325	23.090199997628588
7741.498084216882	westMovingCar_778	1	7720.733068804362	20.76501541251946
7744.781320593108	westMovingCar_779	1	7730.874097279497	13.907223313611212
7748.639327998176	westMovingCar_780	1	7738.636922669246	10.002405328929854
7752.001085035177	westMovingCar_781	1	7746.437805025868	5.563280009308983
7805.225734700134	westMovingCar_782	1	7764.2290765050575	40.996658195076634
7809.188201264165	westMovingCar_783	1	7783.302784126907	25.885417137258628
7812.621258397409	westMovingCar_784	1	7796.941614554838	15.67964384257084
7816.001821603742	westMovingCar_785	1	7800.9931854487695	15.008636154972919
7819.96839194708	westMovingCar_786	1	7804.45062723597	15.517764711109521
7823.413044952518	westMovingCar_787	1	7808.640125910194	14.772919042324247
7839.760555011472	westMovingCar_788	1	7828.021885001685	11.738670009786802
7858.38101225958	westMovingCar_789	1	7853.934295283215	4.446716976364769
7862.9381336508595	westMovingCar_790	1	7858.065945362366	4.872188288493817
7867.244569329184	westMovingCar_791	1	7860.282378705458	6.962190623726201
7876.491903880739	westMovingCar_792	1	7869.261932089539	7.229971791200114
7881.447080148975	westMovingCar_793	1	7877.993668522056	3.4534116269187507
7896.613179412637	westMovingCar_794	1	7890.424250026183	6.18892938645422
7952.766611098029	westMovingCar_795	1	7939.865920076535	12.900691021493913
7976.108408522435	westMovingCar_796	1	7971.887726130438	4.220682391996888
7980.105757014729	westMovingCar_797	1	7973.961499680059	6.144257334669419
7984.951249102088	westMovingCar_798	1	7976.157383153251	8.793865948836356
7989.025856062192	westMovingCar_799	1	7981.651310396192	7.374545666000813
7992.798272031586	westMovingCar_800	1	7988.300743200289	4.4975288312971315
8008.467390026348	westMovingCar_801	1	8004.599951687133	3.867438339214459
8011.997224244309	westMovingCar_802	1	8007.359791534889	4.637432709419954
