Time	eastMoving_arrvCarCount_noise	westMoving_arrvCarCount_noise	eastMoving_dptCarCount_noise	westMoving_dptCarCount_noise	westSideQueue	eastSideQueue	TrafficLight	phaseSigma	elapseTimeInGreen	carPassingTime_mean	eastMoving_arrvCarCount	westMoving_arrvCarCount	eastMoving_dptCarCount	westMoving_dptCarCount
30.0	2	3	1	2	1	0	0	2.832226834401472	16.201995364528955	4.0	2	3	1	2
60.0	3	4	2	5	1	0	20	4.403440790378424	0.25037185662794315	4.0	3	4	2	5
90.0	3	2	7	1	0	0	0	3.1580535626910047	4.501454894414187	4.0	4	2	6	1
120.0	5	2	3	3	0	0	20	2.5836578827187386	4.905147531691512	4.0	4	2	3	3
150.0	8	3	5	2	3	1	20	3.0843477127780696	13.342151430766961	4.0	8	3	5	2
180.0	4	5	9	0	1	6	20	0.49528226129822794	43.34215143076696	4.0	5	5	7	0
210.0	5	2	4	4	2	3	0	1.7502054485681402	17.310958371513774	4.0	4	2	4	4
240.0	3	6	0	8	5	1	0	2.7767592083731287	47.31095837151381	4.0	3	6	0	8
270.0	4	4	5	2	2	4	20	3.435785618336216	23.759543524414042	4.0	4	4	6	2
300.0	5	7	8	0	0	10	20	2.0887425560403843	53.759543524414	4.0	5	6	7	0
330.0	6	2	1	7	6	5	0	1.1522710410239743	27.911257443959713	4.0	6	2	1	6
360.0	7	2	1	7	11	1	20	4.004336074101109	4.846714204120687	4.0	7	2	1	7
390.0	8	1	6	0	13	2	20	2.1238789333697565	34.846714204120694	4.0	9	1	7	0
420.0	6	0	8	0	11	2	20	0.25395025042683317	64.84671420412064	4.0	5	0	7	0
450.0	1	5	7	0	4	7	20	3.9827306718820426	94.8467142041206	4.0	1	5	8	0
480.0	4	2	7	0	2	8	0	2.754289044581773	1.1998740271083648	4.0	4	2	7	0
510.0	9	3	0	7	10	5	0	2.429941113643475	31.199874027108436	4.0	8	4	0	7
540.0	5	2	0	7	15	0	0	0.7620369355500709	61.19987402710828	4.0	5	2	0	7
570.0	13	3	6	1	18	3	20	0.65797245305329	29.237963064449822	4.0	10	3	6	1
600.0	8	1	8	0	18	4	20	1.3548336604975706	59.23796306444989	4.0	8	1	8	0
630.0	2	1	6	0	13	5	20	0.19417984612389105	89.23796306444996	4.0	2	1	7	0
660.0	1	2	10	0	6	7	20	2.3416549500290156	119.23796306444983	4.0	1	2	8	0
690.0	2	2	1	8	8	1	0	4.032715436287037	27.65834504997104	4.0	2	2	1	7
720.0	6	2	5	2	7	2	20	1.9974642128949305	22.78291417686404	4.0	5	2	5	2
750.0	2	4	8	0	1	6	20	3.390988121964938	52.78291417686394	4.0	2	4	8	0
780.0	5	5	2	5	4	5	0	1.0486971274319368	23.269294861184175	4.0	4	5	2	5
810.0	5	1	1	8	7	0	20	1.4801042025558315	4.906949330073687	4.0	5	1	1	7
840.0	5	3	7	0	4	3	20	2.852604918757562	34.90694933007371	4.0	5	3	8	0
870.0	2	2	6	0	0	4	0	1.4153596381713744	2.503278562802393	4.0	2	2	7	0
900.0	2	3	2	7	0	1	0	3.055920087196465	5.490407301322092	4.0	2	3	2	6
930.0	5	4	2	5	2	2	20	3.6243348862473344	9.555122648499372	4.0	5	5	2	5
960.0	2	7	4	2	0	6	0	3.9043841251446496	9.962495044071431	4.0	2	7	5	2
990.0	3	1	0	6	3	0	0	0.3788148476559292	39.962495044071225	4.0	3	1	0	7
1020.0	3	4	5	2	0	2	0	3.202475571474812	4.840923023217959	4.0	3	4	6	2
1050.0	3	2	2	5	0	0	20	0.7440707849015311	6.9552770173177825	4.0	3	2	2	5
1080.0	2	2	2	2	0	0	20	2.862770652904474	5.392013932953124	4.0	2	2	2	2
1110.0	3	3	3	2	1	0	0	3.5830452781187416	4.5038225208834834	4.0	3	3	3	2
1140.0	10	3	5	2	4	3	20	0.8962177250512529	10.797209944689632	4.0	9	4	5	2
1170.0	2	4	6	2	1	4	0	1.3112141155997716	10.453621058277278	4.0	2	4	6	2
1200.0	8	4	0	8	10	1	0	3.6055210203332617	40.45362105827729	4.0	9	5	0	8
1230.0	4	3	5	2	8	3	20	1.845713942104645	22.639634160375902	4.0	4	3	5	2
1260.0	4	5	8	0	5	8	20	0.3614753742023349	52.63963416037627	4.0	4	5	7	0
1290.0	1	2	7	1	0	8	0	1.9690455058732774	5.7922052667201624	4.0	1	2	7	1
1320.0	1	1	0	7	1	1	0	3.814751635272909	35.79220526672026	4.0	1	1	0	8
1350.0	3	1	4	3	0	0	20	2.86560812084139	1.4045502353556003	4.0	4	1	4	3
1380.0	3	1	3	1	0	0	20	3.261517495386866	0.7918694123800378	4.0	3	1	3	1
1410.0	2	1	3	1	0	0	0	Infinity	18.93381613057508	4.0	2	1	3	1
1440.0	4	3	3	2	0	1	20	0.9398396658580666	11.71647942063461	4.0	4	3	3	2
1470.0	7	2	6	2	1	1	20	0.9807038775014085	21.426929286485947	4.0	7	2	6	2
1500.0	5	1	5	2	1	0	20	2.447526707801215	2.1189594183604186	4.0	5	1	5	2
1530.0	7	2	5	2	3	0	20	1.5643059053358805	10.08086785596711	4.0	7	2	5	2
1560.0	2	2	6	2	1	0	20	0.49405872301856313	3.5127188226258568	4.0	3	2	5	2
1590.0	4	1	5	1	0	0	20	0.8135016098869672	2.4740400894461345	4.0	4	1	5	1
1620.0	8	1	8	0	1	1	20	3.00204893282452	32.47404008944615	4.0	9	1	8	0
1650.0	2	3	3	4	0	0	20	2.3821039750391915	5.904260816953645	4.0	2	3	3	4
1680.0	4	6	2	6	2	0	20	0.021233306096142712	9.162515306947686	4.0	4	5	2	5
1710.0	4	4	4	3	2	0	0	2.4797154738094607	12.749957454597569	4.0	4	4	5	3
1740.0	2	2	2	3	1	0	20	1.2757895697654176	3.1132417226358484	4.0	2	2	2	3
1770.0	2	1	4	1	0	0	20	Infinity	5.671624741136391	4.0	2	1	4	1
1800.0	1	3	0	3	0	0	20	0.6894552985535713	2.6052318333815947	4.0	1	3	0	3
1830.0	4	2	3	2	1	0	20	2.1998858082043053	1.8871387074989343	4.0	4	2	3	2
1860.0	3	2	5	2	0	0	0	Infinity	8.847676327619727	4.0	3	2	5	2
1890.0	5	3	2	3	1	0	20	4.432850252937432	0.0227615766841609	4.0	5	3	3	3
1920.0	2	1	4	1	0	0	20	Infinity	18.463300786268498	4.0	2	1	4	1
1950.0	4	1	3	1	1	0	20	3.8046630761258307	8.064832087693896	4.0	5	1	3	1
1980.0	6	4	5	2	1	2	20	1.4413818198412782	9.864038075764665	4.0	5	4	5	2
2010.0	4	2	3	4	2	0	20	0.6101745428964618	6.964700950294504	4.0	4	2	3	4
2040.0	3	2	4	2	0	0	20	1.9950617524678362	2.424394703914004	4.0	3	2	5	2
2070.0	5	1	6	0	0	0	0	3.2195553899617857	0.41457557981902937	4.0	5	1	6	0
2100.0	5	1	4	2	0	0	20	3.2785762350708696	22.524822687000846	4.0	5	1	4	2
2130.0	2	3	2	3	0	0	20	0.9583164157137629	12.893771509332641	4.0	2	3	2	3
2160.0	4	2	4	1	1	1	20	0.07238995266749892	11.516842537240686	4.0	5	2	4	1
2190.0	6	2	6	2	1	1	20	3.0359142859247132	17.803557472264025	4.0	6	2	6	2
2220.0	5	3	5	2	2	1	0	2.6435768991463284	10.446978472478284	4.0	5	3	5	2
2250.0	4	1	4	3	1	0	20	2.21164057349609	18.60454536519451	4.0	4	1	4	3
2280.0	4	4	7	1	0	2	0	1.8431175265848498	6.628855214487024	4.0	4	4	6	1
2310.0	7	3	2	5	3	1	20	0.5955171906425454	11.515406577284164	4.0	6	3	2	5
2340.0	3	5	6	2	1	4	0	3.0765130305742137	9.46707137083867	4.0	3	6	6	2
2370.0	2	3	0	6	3	1	0	2.187595583815991	39.46707137083845	4.0	2	4	0	7
2400.0	3	3	3	4	2	1	20	0.16284639644828625	15.398560874704232	4.0	3	3	3	4
2430.0	5	2	7	1	1	1	0	3.657204403199926	4.730840023240818	4.0	5	2	7	1
2460.0	5	6	0	9	5	1	20	3.0976537220557194	0.62004509151393	4.0	5	7	0	8
2490.0	4	2	6	0	2	3	20	0.6570292820463894	30.62004509151384	4.0	4	2	7	0
2520.0	4	4	3	4	4	2	0	0.17962852505553073	20.872485766722754	4.0	4	4	3	4
2550.0	3	2	4	5	2	1	20	0.6796615378494564	17.417208486161492	4.0	3	2	4	4
2580.0	4	2	4	3	0	0	20	1.9270921928967226	2.1679462461970616	4.0	3	2	5	3
2610.0	4	6	4	4	0	2	20	2.859904968952997	11.67458380341871	4.0	4	6	4	4
2640.0	4	1	6	2	0	0	0	2.7962842895569526	1.226260825224017	4.0	4	1	5	2
2670.0	3	3	3	5	0	0	20	Infinity	6.648026957578905	4.0	3	3	3	4
2700.0	4	4	2	3	2	1	0	1.7948897300875126	6.631274285961359	4.0	4	5	2	3
2730.0	1	1	3	3	0	0	20	2.6105493869255505	20.121152605628534	4.0	2	1	3	3
2760.0	4	2	5	2	0	0	0	Infinity	6.815134402245441	4.0	4	2	5	2
2790.0	1	5	1	6	0	0	20	Infinity	6.031611896869264	4.0	1	5	1	5
2820.0	5	6	0	7	3	1	20	1.5589027862624896	2.7556025976919045	4.0	4	7	0	6
2850.0	8	4	7	0	2	5	20	3.133109442666197	32.755602597691855	4.0	7	4	8	0
2880.0	8	8	7	0	3	13	20	2.1630326591735214	62.755602597691194	4.0	8	8	7	0
2910.0	6	3	7	2	4	13	0	3.1673581976472613	8.529924799746519	4.0	6	3	6	2
2940.0	7	2	0	7	10	9	0	2.5673542204203956	38.5299247997465	4.0	6	3	0	7
2970.0	3	2	0	6	13	4	0	3.149883617427848	68.52992479974685	4.0	3	2	0	7
3000.0	4	1	1	6	15	0	20	1.5532881189514862	5.538587744955079	4.0	4	1	1	6
3030.0	5	1	8	0	12	1	20	2.4780068266976127	35.53858774495514	4.0	5	1	8	0
3060.0	3	3	7	0	6	4	20	3.015933604940608	65.5385877449555	4.0	2	3	8	0
3090.0	2	3	7	0	1	8	20	2.115638928668204	95.5385877449554	4.0	2	4	7	0
3120.0	10	4	8	1	4	10	0	2.635685376695342	4.939342132028147	4.0	9	4	7	1
3150.0	2	2	0	7	6	5	0	3.0972854262115286	34.93934213202819	4.0	2	2	0	7
3180.0	6	4	0	8	11	1	0	2.9297368228860865	64.93934213202807	4.0	5	4	0	8
3210.0	3	2	4	3	8	2	20	3.595773930063684	19.600541958410975	4.0	3	3	5	3
3240.0	7	1	8	0	8	3	20	2.91956117503379	49.60054195841054	4.0	7	1	7	0
3270.0	10	3	8	0	10	6	20	1.042306551399812	79.60054195840988	4.0	9	3	7	0
3300.0	8	6	8	0	10	12	20	2.968232178649962	109.6005419584098	4.0	8	6	8	0
3330.0	4	1	3	3	12	8	0	1.3132274273503421	19.06597433469845	4.0	4	1	3	4
3360.0	1	5	0	8	13	5	0	2.7271908301299197	49.06597433469896	4.0	1	5	0	8
3390.0	4	7	0	9	19	3	0	3.5240865142540327	79.06597433469872	4.0	6	6	0	8
3420.0	3	1	2	4	19	0	20	1.8881543357453658	11.285740258437578	4.0	3	1	2	5
3450.0	5	3	7	0	17	3	20	1.8062109190690414	41.28574025843767	4.0	5	3	7	0
3480.0	7	2	8	0	15	5	20	2.844916860729908	71.28574025843746	4.0	6	2	8	0
3510.0	3	2	8	0	10	7	20	3.975793154740064	101.28574025843793	4.0	3	2	8	0
3540.0	7	1	5	2	13	5	0	0.23969261581311452	10.821389796523853	4.0	7	1	5	2
3570.0	7	5	0	8	21	2	0	1.1236167864854822	40.82138979652459	4.0	8	5	0	8
3600.0	7	3	5	3	23	3	20	0.1843484834902167	19.983169088798434	4.0	7	3	4	3
3630.0	3	5	8	0	18	8	20	3.1685868163774593	49.98316908879902	4.0	3	5	8	0
3660.0	0	3	7	0	11	11	20	1.1806496481154323	79.98316908879896	4.0	0	3	7	0
3690.0	3	5	8	0	6	16	20	3.850803115348609	109.98316908879903	4.0	3	5	8	0
3720.0	4	2	3	5	8	12	0	3.583909168307744	18.600372266091394	4.0	4	2	3	5
3750.0	4	3	0	8	12	8	0	0.0822041310522792	48.6003722660918	4.0	4	3	0	7
3780.0	2	2	0	7	14	2	0	2.976922558780384	78.60037226609259	4.0	2	2	0	8
3810.0	3	4	2	5	14	2	20	2.0565226620679073	11.75776213526788	4.0	3	4	2	5
3840.0	8	2	9	0	13	4	20	3.53451112431201	41.7577621352679	4.0	7	2	8	0
3870.0	3	5	6	0	9	9	20	1.3170758932623032	71.75776213526794	4.0	3	5	7	0
3900.0	8	3	8	0	9	12	20	3.9498569929416405	101.7577621352677	4.0	8	3	8	0
3930.0	6	3	5	2	10	12	0	0.6099886006421937	10.667198164069214	4.0	5	3	5	2
3960.0	4	3	0	8	14	7	0	3.463817906157634	40.667198164068935	4.0	4	3	0	8
3990.0	3	3	0	7	18	3	0	0.4276818445501136	70.6671981640691	4.0	4	3	0	7
4020.0	3	3	1	5	19	0	20	2.5008820182085465	5.48957797657747	4.0	3	3	1	7
4050.0	4	1	8	0	15	1	20	2.9252613866421537	35.48957797657758	4.0	4	1	8	0
4080.0	3	4	7	0	11	5	20	1.5641469946270838	65.48957797657727	4.0	3	4	7	0
4110.0	3	3	9	0	7	8	20	3.411756579935953	95.48957797657675	4.0	4	3	8	0
4140.0	3	3	7	0	5	10	0	2.38178207282811	1.9375827561461847	4.0	4	3	7	0
4170.0	6	2	0	8	11	4	0	2.205276230856421	31.937582756146064	4.0	6	2	0	8
4200.0	7	2	1	5	15	1	20	0.08733177300114647	8.243932934959275	4.0	6	2	1	6
4230.0	9	3	8	0	15	4	20	1.9443873582311193	38.24393293495855	4.0	8	3	8	0
4260.0	5	3	8	0	12	7	20	2.384210374676114	68.2439329349589	4.0	5	3	8	0
4290.0	5	3	8	0	10	10	20	1.5839859047347353	98.24393293495925	4.0	5	3	7	0
4320.0	5	4	7	1	8	11	0	3.1076196383197923	5.057843048606223	4.0	4	3	7	1
4350.0	2	5	0	7	10	9	0	3.3978234418920943	35.05784304860587	4.0	2	5	0	7
4380.0	4	3	0	6	14	5	0	1.7718864201332973	65.05784304860683	4.0	4	3	0	7
4410.0	5	4	0	7	19	2	0	0.8005440349863404	95.05784304860619	4.0	5	4	0	7
4440.0	3	4	4	4	17	3	20	3.7382617696290232	16.91467174918763	4.0	3	4	4	4
4470.0	4	6	5	0	15	9	20	1.7223289595574824	46.91467174918836	4.0	5	6	7	0
4500.0	2	4	9	0	10	13	20	0.25821587107428634	76.91467174918809	4.0	2	4	7	0
4530.0	4	7	8	0	6	19	20	1.7544356498742695	106.91467174918901	4.0	4	6	8	0
4560.0	1	8	5	3	3	22	0	1.4276382746156697	14.952007468301883	4.0	1	7	5	3
4590.0	4	1	0	8	7	15	0	3.788610615377187	44.952007468300565	4.0	4	1	0	8
4620.0	3	3	0	7	10	11	0	2.3775561235966056	74.95200746830108	4.0	3	3	0	7
4650.0	2	4	0	10	12	7	0	3.6062148947917567	104.95200746830021	4.0	2	4	0	8
4680.0	5	5	2	5	14	8	20	0.574916602679747	11.377947999103577	4.0	5	5	2	5
4710.0	7	2	8	0	12	10	20	2.426459230586751	41.377947999104805	4.0	6	2	8	0
4740.0	3	2	8	0	8	12	20	1.9445535434917929	71.37794799910489	4.0	3	2	7	0
4770.0	5	0	6	0	5	12	20	1.2790097545918817	101.37794799910382	4.0	4	0	7	0
4800.0	5	1	7	1	5	11	0	0.22014135560354298	8.178729963240631	4.0	5	1	6	1
4830.0	2	4	0	7	7	7	0	2.207833158283798	38.17872996324041	4.0	2	4	0	8
4860.0	7	1	0	6	13	1	0	0.7425568403858529	68.17872996324171	4.0	6	1	0	7
4890.0	4	2	6	2	10	2	20	2.932869686364371	25.000153056384004	4.0	4	2	6	2
4920.0	4	3	6	0	7	5	20	1.45059018343746	55.00015305638434	4.0	4	3	7	0
4950.0	6	3	7	0	6	8	20	0.9758772419093709	85.00015305638384	4.0	6	3	7	0
4980.0	3	4	8	0	1	12	20	3.4560947090863343	115.00015305638453	4.0	3	4	8	0
5010.0	2	2	2	5	2	7	0	3.727605322414032	23.423448937266546	4.0	2	2	2	6
5040.0	1	3	0	8	3	3	0	0.14094280193072972	53.42344893726625	4.0	1	3	0	7
5070.0	5	3	2	5	3	2	20	1.3480259191118087	14.709297095090074	4.0	4	3	3	5
5100.0	6	1	8	0	1	3	20	2.326944971105961	44.709297095089205	4.0	6	1	8	0
5130.0	5	5	3	5	3	1	0	4.828246977906627	19.064683464133104	4.0	4	4	3	5
5160.0	4	3	5	2	1	3	20	1.1088028427640784	21.503356081575898	4.0	4	3	5	2
5190.0	1	1	2	4	0	0	20	3.0664840508067432	0.7143802198042977	4.0	1	1	2	4
5220.0	6	4	5	2	2	1	0	2.1954737403102023	10.421366429209797	4.0	6	4	5	2
5250.0	6	4	5	3	2	3	20	3.6413668260978147	19.936004440099026	4.0	6	4	5	3
5280.0	2	1	5	2	0	1	0	1.0831938781806087	11.543269611661628	4.0	2	1	5	2
5310.0	4	1	3	3	0	0	20	4.159156803720701	7.805146225527368	4.0	4	1	3	3
5340.0	5	4	4	3	1	1	20	2.9847414268041543	13.704370436796541	4.0	5	4	4	3
5370.0	3	3	4	3	1	0	0	2.1871078072336063	2.4587222976806515	4.0	3	3	4	3
5400.0	4	2	4	3	0	0	20	2.5275898884903985	5.46395325157623	4.0	4	2	4	3
5430.0	5	9	3	4	3	3	0	0.23228632645944947	20.05303389631389	4.0	5	8	3	4
5460.0	7	1	4	4	5	1	20	2.4881997393909234	18.031038657096715	4.0	7	1	4	4
5490.0	3	4	7	0	1	4	20	1.8971770286692689	48.03103865709592	4.0	3	3	7	0
5520.0	5	2	3	4	4	1	0	1.356116570236047	19.879936904432054	4.0	5	2	3	4
5550.0	5	2	6	2	3	2	20	3.251936022087408	24.70641659715721	4.0	6	2	6	2
5580.0	6	5	8	0	0	7	20	3.045645287047054	54.70641659715684	4.0	5	5	8	0
5610.0	5	0	1	6	4	0	0	0.9346207630453667	26.954354712952945	4.0	4	0	1	6
5640.0	5	4	7	1	1	3	20	1.7445175922803378	29.065379236955597	4.0	5	3	7	1
5670.0	9	3	7	0	2	6	20	2.78649623446203	59.065379236955216	4.0	9	3	8	0
5700.0	1	6	3	5	1	5	0	3.8098273944194183	18.49807844125236	4.0	1	5	3	5
5730.0	4	3	0	8	7	1	0	1.6290538878179133	48.49807844125265	4.0	6	3	0	7
5760.0	5	4	6	2	5	4	20	1.7651847876070503	24.29639078239028	4.0	5	4	6	2
5790.0	5	4	6	0	2	9	20	3.0893996173642417	54.29639078238987	4.0	5	5	8	0
5820.0	2	4	5	2	0	10	0	2.2500719299001	10.286346637137672	4.0	2	4	5	2
5850.0	8	7	0	7	8	10	0	1.4715293380485237	40.28634663713692	4.0	8	7	0	7
5880.0	4	5	0	7	12	7	0	0.14386776236230325	70.2863466371365	4.0	4	4	0	7
5910.0	6	3	0	8	17	2	0	0.3489267513915375	100.28634663713619	4.0	5	3	0	8
5940.0	5	2	5	3	17	2	20	2.225281408304343	22.002036126478934	4.0	6	2	5	3
5970.0	6	2	8	0	15	4	20	2.9606592367631066	52.00203612647847	4.0	6	2	8	0
6000.0	3	1	7	0	11	5	20	1.5977184208054434	82.0020361264789	4.0	3	1	7	0
6030.0	4	1	7	0	7	6	20	2.577863166200098	112.00203612647891	4.0	4	1	8	0
6060.0	11	4	3	5	15	4	0	2.4174042171849828	19.678840775465662	4.0	10	4	3	5
6090.0	2	2	0	7	16	0	20	0.5075605591200247	3.977816020978935	4.0	2	2	0	7
6120.0	5	4	8	0	13	4	20	3.7256266070675057	33.977816020980185	4.0	5	4	8	0
6150.0	6	5	7	0	12	10	20	2.081111525417233	63.977816020981024	4.0	6	6	7	0
6180.0	3	3	8	0	8	14	20	0.6715076835112397	93.97781602098057	4.0	3	4	7	0
6210.0	4	6	6	0	5	19	0	0.7720608573215415	3.555939182995644	4.0	4	6	8	0
6240.0	3	6	0	9	8	16	0	1.4223284810909176	33.55593918299584	4.0	3	5	0	8
6270.0	2	3	0	8	11	12	0	0.11892443193715163	63.555939182996596	4.0	3	3	0	7
6300.0	7	3	0	8	18	7	0	0.9812420503074621	93.555939182997	4.0	7	3	0	8
6330.0	7	0	0	9	24	0	20	2.76258956988568	0.7842426564211564	4.0	7	0	0	8
6360.0	7	4	7	0	24	4	20	1.41166056069589	30.784242656421377	4.0	7	4	7	0
6390.0	3	3	7	0	20	7	20	0.7281496181618294	60.784242656420425	4.0	3	3	7	0
6420.0	6	4	8	0	18	11	20	3.1519133501061676	90.78424265641974	4.0	6	4	8	0
6450.0	3	0	7	0	15	11	20	1.9137266320504729	120.78424265642032	4.0	4	0	7	0
6480.0	10	4	1	6	24	7	0	1.2212248569975417	28.08627336794902	4.0	9	3	1	6
6510.0	6	7	0	8	29	7	0	0.0963392256179092	58.086273367949794	4.0	5	7	0	7
6540.0	0	3	0	6	29	2	0	2.72100989731892	88.08627336795044	4.0	0	3	0	8
6570.0	7	3	3	5	32	2	20	0.0020042862077280788	14.855910490365257	4.0	7	3	3	4
6600.0	8	3	8	0	32	5	20	3.431641632435735	44.8559104903656	4.0	8	3	8	0
6630.0	2	4	6	0	27	9	20	2.9984215425196243	74.8559104903672	4.0	2	4	7	0
6660.0	3	5	7	0	23	14	20	0.569596321004985	104.85591049036599	4.0	3	5	7	0
6690.0	2	3	6	2	21	14	0	0.3559623875529567	12.63074278401373	4.0	2	3	5	2
6720.0	6	2	0	6	26	9	0	0.4472150018506946	42.630742784014174	4.0	5	2	0	7
6750.0	3	1	0	8	29	2	0	2.8488676799262533	72.63074278401375	4.0	3	1	0	8
6780.0	2	3	4	3	26	3	20	1.0453958988246628	19.657261029937718	4.0	2	3	4	3
6810.0	1	6	8	0	19	8	20	4.303641211060687	49.657261029938056	4.0	1	5	8	0
6840.0	4	7	6	0	16	14	20	3.8572941117570965	79.65726102993928	4.0	4	6	7	0
6870.0	1	2	8	0	10	16	20	2.817369953969858	109.65726102994009	4.0	1	2	7	0
6900.0	2	2	3	3	10	13	0	0.634433679420602	19.170193824442475	4.0	2	2	3	4
6930.0	3	2	0	7	13	7	0	3.560422913591653	49.17019382444344	4.0	3	2	0	8
6960.0	8	3	0	7	21	3	0	2.1182674002355446	79.17019382444359	4.0	8	3	0	7
6990.0	3	2	1	6	22	0	20	0.12037057200430334	7.469269767519737	4.0	3	2	1	6
7020.0	1	4	7	0	15	5	20	0.8502372303489825	37.469269767520075	4.0	1	5	8	0
7050.0	3	3	8	0	10	9	20	1.8072413109545993	67.46926976752027	4.0	3	4	8	0
7080.0	6	2	7	0	9	11	20	0.33626920844010755	97.46926976751956	4.0	6	2	7	0
7110.0	3	3	6	1	6	12	0	0.3569833854214681	6.64693259157039	4.0	3	3	7	1
7140.0	6	4	0	8	12	8	0	2.1058541598297627	36.64693259156956	4.0	6	4	0	8
7170.0	7	1	0	6	19	3	0	0.046085730243041745	66.64693259156859	4.0	7	2	0	7
7200.0	5	4	1	7	23	1	20	0.8526087719348125	5.950375755607533	4.0	6	4	1	7
7230.0	3	3	7	0	18	4	20	1.2350081595607225	35.95037575560784	4.0	3	3	8	0
7260.0	4	6	7	0	15	10	20	4.663018589207567	65.95037575560748	4.0	5	6	8	0
7290.0	4	1	6	0	12	11	20	2.785964649223511	95.9503757556071	4.0	4	1	7	0
7320.0	4	2	7	0	11	12	0	0.7280217333152779	3.866472806306774	4.0	5	2	7	0
7350.0	3	1	0	7	14	5	0	1.4574040334041838	33.86647280630629	4.0	3	1	0	8
7380.0	0	5	0	7	14	3	0	0.0031880080260831	63.86647280630528	4.0	0	5	0	7
7410.0	3	5	0	9	17	0	0	2.63316171073605	93.86647280630567	4.0	3	5	0	8
7440.0	4	5	6	1	14	5	20	2.462993631385623	27.366838289264418	4.0	4	5	6	1
7470.0	4	2	8	0	11	7	20	0.5049064809731858	57.36683828926464	4.0	4	2	7	0
7500.0	3	4	8	0	6	11	20	3.2739882402288982	87.3668382892652	4.0	3	4	8	0
7530.0	7	2	6	0	6	13	20	0.4527764033918702	117.36683828926422	4.0	7	2	7	0
7560.0	4	0	2	6	9	6	0	3.6453925274381263	26.370429296408098	4.0	4	0	2	6
7590.0	1	3	0	7	10	1	0	3.283622818076238	56.3704292964082	4.0	1	3	0	8
7620.0	1	4	4	3	6	3	20	1.0050864872402885	18.555278669248718	4.0	1	4	4	3
7650.0	5	2	8	0	4	5	20	3.8035735724692596	48.555278669249816	4.0	6	2	8	0
7680.0	5	2	6	0	3	7	20	0.06709451926345533	78.55527866925168	4.0	5	2	6	0
7710.0	4	3	5	3	3	6	0	1.3371574336129912	14.392971360650737	4.0	4	3	5	3
7740.0	4	4	0	8	7	2	0	1.4980842168816828	44.3929713606505	4.0	4	4	0	8
7770.0	2	2	4	3	4	1	20	2.003801687371899	17.99891496482348	4.0	2	2	4	4
7800.0	4	2	8	0	0	3	20	1.4931947677093977	47.998914964823776	4.0	4	2	8	0
7830.0	3	4	2	5	1	1	20	1.1239996793762912	6.5869550474818	4.0	3	4	2	6
7860.0	2	2	4	2	0	0	0	2.938133650859248	6.065704716785386	4.0	2	2	4	2
7890.0	2	3	2	4	0	0	20	2.537280839406389	8.213751396130455	4.0	3	3	2	4
7920.0	0	1	1	1	0	0	0	Infinity	27.462719160593007	4.0	0	1	1	1
7950.0	6	1	6	0	0	0	0	2.766611098028823	1.0207221922573808	4.0	6	1	6	0
7980.0	2	3	1	2	1	1	0	0.10575701472851051	8.112273869562532	4.0	2	3	1	2
8010.0	1	4	2	5	0	0	0	1.9972242443092685	5.400048312866428	4.0	1	4	2	5
