13.798004635471047	20
13.798004635471047	0
32.832226834401474	0
32.832226834401474	20
41.77976601379538	20
41.77976601379538	0
59.74962814337206	0
59.74962814337206	20
85.49854510558582	20
85.49854510558582	0
97.32644371418952	0
97.32644371418952	20
100.42461754341117	20
100.42461754341117	0
104.7537241726504	0
104.7537241726504	20
110.34981794224531	20
110.34981794224531	0
115.09485246830849	0
115.09485246830849	20
122.58365788271874	20
122.58365788271874	0
128.35877317962152	0
128.35877317962152	20
132.3938053199749	20
132.3938053199749	0
136.657848569233	0
136.657848569233	20
192.68904162848622	20
192.68904162848622	0
246.24045647558597	0
246.24045647558597	20
302.08874255604036	20
302.08874255604036	0
355.1532857958793	0
355.1532857958793	20
478.80012597289164	20
478.80012597289164	0
540.7620369355501	0
540.7620369355501	20
662.341654950029	20
662.341654950029	0
697.2170858231359	0
697.2170858231359	20
756.7307051388158	20
756.7307051388158	0
805.0930506699264	0
805.0930506699264	20
867.4967214371976	20
867.4967214371976	0
886.7609382918556	0
886.7609382918556	20
894.5095926986779	20
894.5095926986779	0
920.4448773515006	0
920.4448773515006	20
950.0375049559286	20
950.0375049559286	0
990.3788148476559	0
990.3788148476559	20
1015.159076976782	20
1015.159076976782	0
1034.7665343668416	0
1034.7665343668416	20
1039.4468519189886	20
1039.4468519189886	0
1043.0447229826823	0
1043.0447229826823	20
1065.9765782837183	20
1065.9765782837183	0
1074.6079860670468	0
1074.6079860670468	20
1082.8627706529044	20
1082.8627706529044	0
1087.6137418401054	0
1087.6137418401054	20
1105.4961774791166	20
1105.4961774791166	0
1113.5830452781188	0
1113.5830452781188	20
1125.4649725727145	20
1125.4649725727145	0
1129.2027900553103	0
1129.2027900553103	20
1159.5463789417227	20
1159.5463789417227	0
1207.360365839624	0
1207.360365839624	20
1284.2077947332798	20
1284.2077947332798	0
1327.3337183107471	0
1327.3337183107471	20
1344.4706950809011	20
1344.4706950809011	0
1348.5954497646444	0
1348.5954497646444	20
1360.985885277458	20
1360.985885277458	0
1379.20813058762	0
1379.20813058762	20
1391.066183869425	20
1391.066183869425	0
1411.3452583973142	0
1411.3452583973142	20
1415.2427318865837	20
1415.2427318865837	0
1428.2835205793654	0
1428.2835205793654	20
1440.939839665858	20
1440.939839665858	0
1448.573070713514	0
1448.573070713514	20
1479.6662006020163	20
1479.6662006020163	0
1483.5618978219106	0
1483.5618978219106	20
1493.6102996818584	20
1493.6102996818584	0
1497.8810405816396	0
1497.8810405816396	20
1510.6010888366438	20
1510.6010888366438	0
1519.9191321440328	0
1519.9191321440328	20
1548.572286849472	20
1548.572286849472	0
1556.4872811773741	0
1556.4872811773741	20
1579.162252181472	20
1579.162252181472	0
1587.5259599105539	0
1587.5259599105539	20
1627.1701205972752	20
1627.1701205972752	0
1644.0957391830464	0
1644.0957391830464	20
1652.3821039750392	20
1652.3821039750392	0
1670.8374846930524	0
1670.8374846930524	20
1697.2500425454025	20
1697.2500425454025	0
1716.582282580884	0
1716.582282580884	20
1729.7751425227673	20
1729.7751425227673	0
1736.8867582773642	0
1736.8867582773642	20
1759.5575169346544	20
1759.5575169346544	0
1764.3283752588636	0
1764.3283752588636	20
1774.6837264648034	20
1774.6837264648034	0
1797.3947681666184	0
1797.3947681666184	20
1819.7420236180762	20
1819.7420236180762	0
1828.112861292501	0
1828.112861292501	20
1851.1523236723804	20
1851.1523236723804	0
1863.1498264069328	0
1863.1498264069328	20
1877.5796689740425	20
1877.5796689740425	0
1889.9772384233158	0
1889.9772384233158	20
1897.8791307028223	20
1897.8791307028223	0
1901.5366992137315	0
1901.5366992137315	20
1931.9807080630287	20
1931.9807080630287	0
1941.935167912306	0
1941.935167912306	20
1957.8839630205646	20
1957.8839630205646	0
1961.8579671202185	0
1961.8579671202185	20
1966.0866849468107	20
1966.0866849468107	0
1970.1359619242353	0
1970.1359619242353	20
1986.1331419130925	20
1986.1331419130925	0
2003.0352990497056	0
2003.0352990497056	20
2027.1847552630152	20
2027.1847552630152	0
2037.575605296086	0
2037.575605296086	20
2069.585424420181	20
2069.585424420181	0
2077.475177312999	0
2077.475177312999	20
2103.278576235071	20
2103.278576235071	0
2117.1062284906675	0
2117.1062284906675	20
2144.485709884169	20
2144.485709884169	0
2148.483157462759	0
2148.483157462759	20
2163.6989984354977	20
2163.6989984354977	0
2172.196442527736	0
2172.196442527736	20
2209.553021527522	20
2209.553021527522	0
2231.3954546348054	0
2231.3954546348054	20
2273.371144785513	20
2273.371144785513	0
2298.484593422716	0
2298.484593422716	20
2330.5329286291612	20
2330.5329286291612	0
2384.601439125296	0
2384.601439125296	20
2425.269159976759	20
2425.269159976759	0
2459.379954908486	0
2459.379954908486	20
2499.1275142332775	20
2499.1275142332775	0
2532.582791513839	0
2532.582791513839	20
2565.706844268767	20
2565.706844268767	0
2577.832053753803	0
2577.832053753803	20
2581.927092192897	20
2581.927092192897	0
2598.3254161965815	0
2598.3254161965815	20
2612.859904968953	20
2612.859904968953	0
2621.86648725614	0
2621.86648725614	20
2638.773739174776	20
2638.773739174776	0
2646.6603623024607	0
2646.6603623024607	20
2653.831416754526	20
2653.831416754526	0
2663.351973042421	0
2663.351973042421	20
2674.1225611101004	20
2674.1225611101004	0
2684.199527985587	0
2684.199527985587	20
2693.3687257140386	20
2693.3687257140386	0
2709.878847394371	0
2709.878847394371	20
2732.6105493869254	20
2732.6105493869254	0
2735.6262890680136	0
2735.6262890680136	20
2753.1848655977547	20
2753.1848655977547	0
2783.9683881031306	0
2783.9683881031306	20
2791.904259754329	20
2791.904259754329	0
2817.244397402308	0
2817.244397402308	20
2901.4700752002536	20
2901.4700752002536	0
2994.4614122550447	0
2994.4614122550447	20
3115.0606578679717	20
3115.0606578679717	0
3190.3994580415892	0
3190.3994580415892	20
3310.934025665302	20
3310.934025665302	0
3408.7142597415627	0
3408.7142597415627	20
3529.178610203476	20
3529.178610203476	0
3580.016830911201	0
3580.016830911201	20
3701.399627733908	20
3701.399627733908	0
3798.242237864732	0
3798.242237864732	20
3919.3328018359307	20
3919.3328018359307	0
4014.5104220234225	0
4014.5104220234225	20
4138.062417243854	20
4138.062417243854	0
4191.756067065041	0
4191.756067065041	20
4314.942156951393	20
4314.942156951393	0
4423.085328250813	0
4423.085328250813	20
4545.047992531699	20
4545.047992531699	0
4668.6220520008965	0
4668.6220520008965	20
4791.821270036759	20
4791.821270036759	0
4864.999846943616	0
4864.999846943616	20
4986.576551062733	20
4986.576551062733	0
5055.29070290491	0
5055.29070290491	20
5110.935316535866	20
5110.935316535866	0
5138.4966439184245	0
5138.4966439184245	20
5165.6737283115635	20
5165.6737283115635	0
5189.285619780196	0
5189.285619780196	20
5209.57863357079	20
5209.57863357079	0
5230.063995559901	0
5230.063995559901	20
5268.456730388339	20
5268.456730388339	0
5290.78066788622	0
5290.78066788622	20
5298.363982954511	20
5298.363982954511	0
5302.194853774473	0
5302.194853774473	20
5314.159156803721	20
5314.159156803721	0
5326.295629563204	0
5326.295629563204	20
5351.343650209494	20
5351.343650209494	0
5364.379474960841	0
5364.379474960841	20
5367.541277702319	20
5367.541277702319	0
5375.2532093738055	0
5375.2532093738055	20
5388.144376620667	20
5388.144376620667	0
5394.536046748423	0
5394.536046748423	20
5409.9469661036865	20
5409.9469661036865	0
5441.968961342904	0
5441.968961342904	20
5500.120063095568	20
5500.120063095568	0
5525.293583402843	0
5525.293583402843	20
5583.045645287047	20
5583.045645287047	0
5610.934620763045	0
5610.934620763045	20
5681.501921558748	20
5681.501921558748	0
5735.7036092176095	0
5735.7036092176095	20
5809.713653362863	20
5809.713653362863	0
5917.99796387352	0
5917.99796387352	20
6040.321159224534	20
6040.321159224534	0
6086.022183979021	0
6086.022183979021	20
6206.444060817004	20
6206.444060817004	0
6329.215757343579	0
6329.215757343579	20
6451.91372663205	20
6451.91372663205	0
6555.144089509635	0
6555.144089509635	20
6677.369257215986	20
6677.369257215986	0
6760.342738970062	0
6760.342738970062	20
6880.829806175558	20
6880.829806175558	0
6982.53073023248	0
6982.53073023248	20
7103.3530674084295	20
7103.3530674084295	0
7194.049624244392	0
7194.049624244392	20
7316.133527193693	20
7316.133527193693	0
7412.633161710736	0
7412.633161710736	20
7533.6295707035915	20
7533.6295707035915	0
7601.444721330751	0
7601.444721330751	20
7695.60702863935	20
7695.60702863935	0
7752.001085035177	0
7752.001085035177	20
7801.49319476771	20
7801.49319476771	0
7823.413044952518	0
7823.413044952518	20
7835.519283583504	20
7835.519283583504	0
7839.760555011472	0
7839.760555011472	20
7853.934295283215	20
7853.934295283215	0
7868.287387445537	0
7868.287387445537	20
7872.059066980838	20
7872.059066980838	0
7881.786248603869	0
7881.786248603869	20
7892.537280839407	20
7892.537280839407	0
7925.1533146310185	0
7925.1533146310185	20
7948.979277807743	20
7948.979277807743	0
7958.137724434677	0
7958.137724434677	20
7971.887726130438	20
7971.887726130438	0
7992.798272031586	0
7992.798272031586	20
8004.599951687133	20
8004.599951687133	0
8014.87585901873	0
8014.87585901873	20
