Time	eventName	event	eventArrivingTime	waitingTime
8.769434143333138	eastMovingCar_0	1	4.622485948811487	4.14694819452165
37.2132082819298	eastMovingCar_1	1	26.152214933833218	11.060993348096584
41.77976601379538	eastMovingCar_2	1	32.42499458883457	9.35477142496081
64.40344079037843	eastMovingCar_3	1	43.28750511718185	21.115935673196574
69.37329579771608	eastMovingCar_4	1	55.5191403876713	13.854155410044783
73.21118374564834	eastMovingCar_5	1	60.48082946024922	12.730354285399123
76.7323975884359	eastMovingCar_6	1	67.34538302609072	9.387014562345186
81.1432548944253	eastMovingCar_7	1	68.78538953757652	12.357865356848777
85.49854510558582	eastMovingCar_8	1	79.05570477130277	6.442840334283048
100.42461754341117	eastMovingCar_9	1	97.32644371418952	3.0981738292216505
108.81218064691886	eastMovingCar_10	1	101.50451892631034	7.307661720608522
118.16990791138159	eastMovingCar_11	1	110.41296510279433	7.7569428085872545
122.58365788271874	eastMovingCar_12	1	114.06742842619384	8.516229456524897
132.3938053199749	eastMovingCar_13	1	128.35877317962152	4.0350321403533655
140.6206453052533	eastMovingCar_14	1	134.26501191794483	6.3556333873084725
144.2206866978256	eastMovingCar_15	1	139.37422909971855	4.846457598107065
148.35727957167614	eastMovingCar_16	1	140.0389335730713	8.318345998604855
153.08434771277808	eastMovingCar_17	1	142.79660526578724	10.287742446990848
156.68215301463903	eastMovingCar_18	1	147.14212197226618	9.540031042372846
161.34931103080268	eastMovingCar_19	1	147.3629826400582	13.98632839074449
165.40574064751235	eastMovingCar_20	1	148.085667283341	17.32007336417135
168.94650458081247	eastMovingCar_21	1	153.424851598481	15.52165298233146
173.06750402088244	eastMovingCar_22	1	153.87833938084972	19.189164640032715
177.03084564950586	eastMovingCar_23	1	154.73733098489149	22.293514664614378
180.49528226129823	eastMovingCar_24	1	156.43231571647027	24.062966544827958
184.54064865353425	eastMovingCar_25	1	158.61166104368823	25.92898760984602
188.2559913124645	eastMovingCar_26	1	182.85225107166838	5.403740240796111
192.68904162848622	eastMovingCar_27	1	185.02560299588694	7.663438632599281
250.15560817062646	eastMovingCar_28	1	197.21689872768272	52.93870944294375
254.6640779623923	eastMovingCar_29	1	208.3296714467671	46.334406515625204
257.9918597075733	eastMovingCar_30	1	211.84346212558083	46.1483975819925
261.8585747860182	eastMovingCar_31	1	218.5010523375448	43.35752244847342
265.62856214272324	eastMovingCar_32	1	221.57403514929499	44.054526993428254
269.7422973020966	eastMovingCar_33	1	245.8252072091317	23.917090092964884
273.43578561833624	eastMovingCar_34	1	256.85481703711565	16.58096858122059
277.21654820464425	eastMovingCar_35	1	260.1314018036905	17.08514640095376
281.3607746478504	eastMovingCar_36	1	261.53729312248805	19.823481525362354
285.359790438348	eastMovingCar_37	1	270.0345392830274	15.325251155320586
289.5585250909084	eastMovingCar_38	1	273.7441343773436	15.81439071356482
293.6900057794242	eastMovingCar_39	1	284.64757328373344	9.042432495690775
298.0667161634144	eastMovingCar_40	1	287.04922229490643	11.017493868507984
302.08874255604036	eastMovingCar_41	1	294.8239475047013	7.264795051339036
359.8437412726058	eastMovingCar_42	1	309.1382547715583	50.70548650104752
364.0043360741011	eastMovingCar_43	1	309.74694630596645	54.25738976813466
368.432833009461	eastMovingCar_44	1	311.18950150976775	57.24333149969323
372.58220655086296	eastMovingCar_45	1	313.4898835553047	59.09232299555828
377.05147786470263	eastMovingCar_46	1	314.5637124665102	62.48776539819244
380.78364300567165	eastMovingCar_47	1	323.7771948210137	57.00644818465793
384.5369928719925	eastMovingCar_48	1	331.79871837149074	52.738274500501745
389.0515122934878	eastMovingCar_49	1	331.84149573784777	57.21001655564004
392.1238789333698	eastMovingCar_50	1	332.22064962553463	59.90322930783515
395.608663390079	eastMovingCar_51	1	334.8661358060364	60.74252758404259
400.0162746770913	eastMovingCar_52	1	337.4836236747008	62.53265100239048
403.9587397563257	eastMovingCar_53	1	350.16799036769953	53.79074938862618
407.37930133800677	eastMovingCar_54	1	358.04061344415277	49.338687893854
412.1833362925474	eastMovingCar_55	1	361.5022781206375	50.681058171909854
416.28261012736317	eastMovingCar_56	1	363.11297858118854	53.16963154617463
420.25395025042684	eastMovingCar_57	1	363.26317888895585	56.99077136147099
424.4916675304737	eastMovingCar_58	1	370.79173690003415	53.69993063043955
429.29096729623893	eastMovingCar_59	1	372.7940847023503	56.49688259388864
433.6388008336263	eastMovingCar_60	1	375.387440992854	58.251359840772295
437.7248270260156	eastMovingCar_61	1	379.5187456628081	58.20608136320749
441.45098473888874	eastMovingCar_62	1	388.20940334585754	53.2415813930312
445.45872443679013	eastMovingCar_63	1	388.3747129385891	57.08401149820105
449.8093320325356	eastMovingCar_64	1	402.48002539175206	47.32930664078356
453.98273067188205	eastMovingCar_65	1	414.4530955999849	39.52963507189713
458.03988580669335	eastMovingCar_66	1	415.03132051830187	43.00856528839148
462.1511238150716	eastMovingCar_67	1	419.52950792539497	42.62161588967666
467.0256452505156	eastMovingCar_68	1	419.89966037484896	47.12598487566663
470.8488481510511	eastMovingCar_69	1	423.8504284779837	46.99841967306736
474.84090625927627	eastMovingCar_70	1	451.12443046183284	23.716475797443422
478.80012597289164	eastMovingCar_71	1	463.59714439634035	15.20298157655128
545.2618500155863	eastMovingCar_72	1	470.47941071336	74.78243930222635
550.1093385161779	eastMovingCar_73	1	475.9052758539238	74.2040626622541
554.869580387576	eastMovingCar_74	1	480.6026832639925	74.26689712358348
558.7850283551255	eastMovingCar_75	1	483.7200670278755	75.06496132725005
563.016709524894	eastMovingCar_76	1	487.31819588187454	75.69851364301951
566.411476893795	eastMovingCar_77	1	491.56943766783354	74.84203922596146
570.6579724530533	eastMovingCar_78	1	495.79994265625254	74.85802979680074
574.4206209497377	eastMovingCar_79	1	506.90674506071946	67.51387588901821
577.676467084612	eastMovingCar_80	1	508.47086332414807	69.20560376046393
580.9556389132056	eastMovingCar_81	1	509.5030019634972	71.45263694970839
585.1233147430795	eastMovingCar_82	1	514.0842017404017	71.03911300267782
588.7899880721294	eastMovingCar_83	1	519.731511021881	69.05847705024837
593.061107998981	eastMovingCar_84	1	533.3278800295647	59.73322796941636
597.783441933301	eastMovingCar_85	1	538.824128648966	58.95931328433494
601.3548336604975	eastMovingCar_86	1	539.1144757058509	62.2403579546467
605.8673869059028	eastMovingCar_87	1	543.9538784176151	61.913508488287675
610.073231798901	eastMovingCar_88	1	551.6097104499561	58.46352134894494
614.4581215380293	eastMovingCar_89	1	552.9950855084401	61.46303602958926
618.0156400684552	eastMovingCar_90	1	554.3451886506256	63.67045141782967
621.4910760063352	eastMovingCar_91	1	556.51389348155	64.97718252478523
625.9089505945836	eastMovingCar_92	1	560.6848924762809	65.22405811830276
630.1941798461239	eastMovingCar_93	1	561.7767375091075	68.41744233701638
634.5301774836022	eastMovingCar_94	1	563.2577553438408	71.27242213976137
638.1989257358016	eastMovingCar_95	1	567.6822337826212	70.51669195318038
642.1068713164115	eastMovingCar_96	1	569.4700442745766	72.63682704183486
646.56539610945	eastMovingCar_97	1	576.2707007356299	70.2946953738201
650.2314483130293	eastMovingCar_98	1	577.1880047462391	73.04344356679019
653.8324174718679	eastMovingCar_99	1	586.3602553784193	67.47216209344856
657.9168098171397	eastMovingCar_100	1	587.6427756086428	70.27403420849691
662.341654950029	eastMovingCar_101	1	587.9910900821142	74.35056486791484
701.7661681667688	eastMovingCar_102	1	594.3904135868634	107.37575457990545
706.2493717100233	eastMovingCar_103	1	596.8611702727511	109.38820143727219
710.088070725408	eastMovingCar_104	1	599.1574507631733	110.93061996223469
714.6038653521994	eastMovingCar_105	1	601.4227917803543	113.1810735718451
718.212968557181	eastMovingCar_106	1	601.7139849174924	116.4989836396885
721.9974642128949	eastMovingCar_107	1	649.8144161153983	72.18304809749657
725.6294412309481	eastMovingCar_108	1	664.8004327313238	60.829008499624365
728.840498162347	eastMovingCar_109	1	675.311140885569	53.529357276778
733.7032429669222	eastMovingCar_110	1	695.1589695587705	38.54427340815164
737.2992053098357	eastMovingCar_111	1	701.4298050378889	35.8694002719468
741.354776147338	eastMovingCar_112	1	708.6798463638651	32.674929783472976
745.54297931599	eastMovingCar_113	1	712.8416962766719	32.70128303931813
749.5873917796104	eastMovingCar_114	1	714.5249540837093	35.06243769590105
753.3909881219649	eastMovingCar_115	1	742.7218427690888	10.669145352876171
756.7307051388158	eastMovingCar_116	1	747.9552718210066	8.775433317809188
808.429756109479	eastMovingCar_117	1	758.0264500235576	50.40330608592137
811.4801042025558	eastMovingCar_118	1	760.735163176459	50.74494102609685
815.2304053613166	eastMovingCar_119	1	765.707485075412	49.52292028590455
818.5427227606889	eastMovingCar_120	1	771.5657806526812	46.976942108007734
823.3809018195184	eastMovingCar_121	1	790.8818811554382	32.49902066408015
827.1750143701727	eastMovingCar_122	1	791.6320846994248	35.54292967074787
830.9282529023855	eastMovingCar_123	1	794.8681203833981	36.0601325189873
834.7754118457973	eastMovingCar_124	1	795.0474961477113	39.72791569808601
838.7951787256873	eastMovingCar_125	1	798.8626221450444	39.93255658064288
842.8526049187576	eastMovingCar_126	1	812.9639850273096	29.888619891448002
847.5201324000606	eastMovingCar_127	1	816.7367918322607	30.783340567799883
851.3958682406328	eastMovingCar_128	1	831.7717651227401	19.624103117892673
855.1894466946718	eastMovingCar_129	1	835.1670370159217	20.022409678750137
859.3126651489599	eastMovingCar_130	1	839.6038198342477	19.70884531471222
862.997816764931	eastMovingCar_131	1	852.8873208240793	10.110495940851706
867.4967214371976	eastMovingCar_132	1	854.6731234035103	12.82359803368729
890.4256756465355	eastMovingCar_133	1	875.1735496904585	15.252125956077066
894.5095926986779	eastMovingCar_134	1	882.7286905878913	11.780902110786656
925.0645757786988	eastMovingCar_135	1	904.7746080140823	20.28996776461645
929.1243360189261	eastMovingCar_136	1	909.1415681639058	19.982767855020256
933.6243348862473	eastMovingCar_137	1	917.0426691124179	16.5816657738294
938.004463940072	eastMovingCar_138	1	917.7556356570025	20.248828283069543
942.2869904889727	eastMovingCar_139	1	927.9501440929504	14.336846396022338
946.5248626870641	eastMovingCar_140	1	939.6981257192209	6.826736967843203
950.0375049559286	eastMovingCar_141	1	943.745370825987	6.292134129941587
995.0172534326606	eastMovingCar_142	1	962.2842679226305	32.73298551003006
999.0578983029305	eastMovingCar_143	1	967.5680865282214	31.489811774709096
1003.5573369458059	eastMovingCar_144	1	978.7924912112802	24.764845734525693
1007.8054716029686	eastMovingCar_145	1	992.6500366681994	15.155434934769232
1011.2720051798466	eastMovingCar_146	1	1007.2438410176309	4.028164162215717
1015.159076976782	eastMovingCar_147	1	1008.224991211198	6.934085765583973
1038.8151987424842	eastMovingCar_148	1	1034.4819249711372	4.333273771346967
1046.536191356134	eastMovingCar_149	1	1042.267468319753	4.268723036380834
1050.7440707849016	eastMovingCar_150	1	1043.7357976383855	7.008273146516103
1078.8042024519912	eastMovingCar_151	1	1073.0993599554554	5.704842496535775
1082.8627706529044	eastMovingCar_152	1	1076.1210768120934	6.741693840810967
1091.2917682504171	eastMovingCar_153	1	1087.6137418401054	3.678026410311759
1105.4961774791166	eastMovingCar_154	1	1101.0963054858394	4.399871993277202
1117.5164149106056	eastMovingCar_155	1	1107.9298870735724	9.586527837033145
1121.0294202509006	eastMovingCar_156	1	1110.3751978913697	10.654222359530877
1125.4649725727145	eastMovingCar_157	1	1117.0806036911579	8.384368881556611
1132.6796238711302	eastMovingCar_158	1	1127.2850419725683	5.39458189856191
1137.3983543108418	eastMovingCar_159	1	1127.6025059924195	9.795848318422259
1140.8962177250512	eastMovingCar_160	1	1127.9662015441459	12.93001618090534
1144.1438617479914	eastMovingCar_161	1	1133.5124995424867	10.631362205504729
1148.2106228795617	eastMovingCar_162	1	1138.9037903819446	9.306832497617052
1151.7575505394866	eastMovingCar_163	1	1138.939451231227	12.818099308259661
1155.7583807484336	eastMovingCar_164	1	1139.803841298535	15.954539449898675
1159.5463789417227	eastMovingCar_165	1	1145.5506716512268	13.99570729049583
1211.6518342484103	eastMovingCar_166	1	1161.129252961661	50.5225812867493
1215.4901562474286	eastMovingCar_167	1	1170.3891868719732	45.100969375455406
1219.8153659807267	eastMovingCar_168	1	1170.7645036114545	49.05086236927218
1223.9736800417193	eastMovingCar_169	1	1171.1998872118868	52.77379282983247
1227.3453298046006	eastMovingCar_170	1	1176.0241205531383	51.32120925146228
1231.8457139421046	eastMovingCar_171	1	1176.5876332324967	55.25808070960784
1236.2309985510096	eastMovingCar_172	1	1180.2531210716027	55.97787747940697
1240.4178877457182	eastMovingCar_173	1	1183.7049805396339	56.71290720608431
1244.6710989993026	eastMovingCar_174	1	1186.0334661383122	58.63763286099038
1247.8817637740603	eastMovingCar_175	1	1199.2524370684264	48.62932670563396
1252.1468098832147	eastMovingCar_176	1	1205.9527135290505	46.19409635416423
1256.4236057388496	eastMovingCar_177	1	1222.5553742344637	33.8682315043859
1260.3614753742024	eastMovingCar_178	1	1223.4233559162267	36.938119457975745
1264.6738784217139	eastMovingCar_179	1	1224.1523233350438	40.521555086670105
1268.1891528264055	eastMovingCar_180	1	1236.5696477132435	31.61950511316195
1272.2478721156317	eastMovingCar_181	1	1240.1429107369622	32.104961378669486
1276.1731857354816	eastMovingCar_182	1	1258.082813198979	18.090372536502628
1280.3399084619507	eastMovingCar_183	1	1259.9709306398813	20.368977822069382
1284.2077947332798	eastMovingCar_184	1	1269.6219591258725	14.585835607407262
1332.0593980702126	eastMovingCar_185	1	1294.8195569877605	37.23984108245213
1335.216532967607	eastMovingCar_186	1	1331.981450397674	3.235082569932956
1338.7230278740337	eastMovingCar_187	1	1334.5982502217607	4.124777652272996
1343.9810323687934	eastMovingCar_188	1	1339.9279180412398	4.053114327553658
1352.8656081208414	eastMovingCar_189	1	1348.5954497646444	4.270158356197044
1357.5067525303798	eastMovingCar_190	1	1352.738350031067	4.768402499312742
1360.985885277458	eastMovingCar_191	1	1356.5027246233378	4.483160654120184
1383.261517495387	eastMovingCar_192	1	1379.20813058762	4.053386907766935
1387.2471468981341	eastMovingCar_193	1	1381.396262738403	5.850884159731095
1391.066183869425	eastMovingCar_194	1	1384.5738167525064	6.492367116918558
1414.6547805647963	eastMovingCar_195	1	1411.3452583973142	3.3095221674821005
1432.4825032516487	eastMovingCar_196	1	1428.2835205793654	4.198982672283364
1436.5656611328484	eastMovingCar_197	1	1429.205627422589	7.3600337102593585
1440.939839665858	eastMovingCar_198	1	1432.0148016950027	8.925037970855328
1452.4291473675387	eastMovingCar_199	1	1443.945449950753	8.483697416785617
1455.6195856227373	eastMovingCar_200	1	1446.2412761338228	9.37830948891451
1459.4055577079307	eastMovingCar_201	1	1451.0959604491945	8.309597258736176
1463.357577189608	eastMovingCar_202	1	1456.5637732795267	6.793803910081351
1467.3014093855707	eastMovingCar_203	1	1457.1358406619674	10.1655687236032
1470.9807038775014	eastMovingCar_204	1	1459.9097080129557	11.070995864545694
1475.6559063951559	eastMovingCar_205	1	1460.095486685507	15.56041970964884
1479.6662006020163	eastMovingCar_206	1	1471.9134749828356	7.752725619180637
1487.6964636587584	eastMovingCar_207	1	1479.679476964433	8.016986694325396
1491.674055506421	eastMovingCar_208	1	1482.8350498255052	8.839005680915761
1502.4475267078012	eastMovingCar_209	1	1497.6898923545589	4.757634353242338
1506.880971753559	eastMovingCar_210	1	1499.602873276631	7.27809847692788
1510.6010888366438	eastMovingCar_211	1	1505.629959203992	4.9711296326518095
1524.3002178532206	eastMovingCar_212	1	1511.0496891923026	13.250528660918008
1528.02144859231	eastMovingCar_213	1	1518.676808756102	9.344639836207989
1531.564305905336	eastMovingCar_214	1	1520.653572244552	10.91073366078399
1535.6979745881295	eastMovingCar_215	1	1523.18906609728	12.508908490849535
1540.3850642983032	eastMovingCar_216	1	1526.3325534268388	14.052510871464392
1544.6349110091658	eastMovingCar_217	1	1529.797081886545	14.83782912262086
1548.572286849472	eastMovingCar_218	1	1532.2149434483804	16.35734340109161
1560.4940587230185	eastMovingCar_219	1	1548.6983921988774	11.795666524141097
1564.9302999435934	eastMovingCar_220	1	1551.506330353493	13.423969590100342
1570.556839551923	eastMovingCar_221	1	1566.4722689781472	4.0845705737758635
1574.764439164311	eastMovingCar_222	1	1568.6272506583978	6.137188505913173
1578.6543867027074	eastMovingCar_223	1	1572.3490974722486	6.305289230458811
1590.813501609887	eastMovingCar_224	1	1587.5259599105539	3.287541699333133
1596.5147172421064	eastMovingCar_225	1	1591.8814449687086	4.633272273397779
1599.7003844365279	eastMovingCar_226	1	1592.715194176587	6.985190259940964
1603.2245075344772	eastMovingCar_227	1	1593.1559626482422	10.068544886235031
1607.4708126877445	eastMovingCar_228	1	1599.4520063189864	8.018806368758078
1611.227340334846	eastMovingCar_229	1	1600.822869838434	10.40447049641216
1614.6654444243431	eastMovingCar_230	1	1601.0814158582555	13.584028566087682
1619.1656960799864	eastMovingCar_231	1	1606.4632294430514	12.702466636935014
1623.0020489328244	eastMovingCar_232	1	1607.9988896059122	15.003159326912282
1627.1701205972752	eastMovingCar_233	1	1619.1277552209708	8.04236537630436
1647.6792999464597	eastMovingCar_234	1	1636.8447189811075	10.834580965352188
1652.3821039750392	eastMovingCar_235	1	1641.5253327924142	10.856771182624925
1675.7787489077136	eastMovingCar_236	1	1654.9513118472346	20.827437060479042
1680.021233306096	eastMovingCar_237	1	1662.1495733467095	17.871659959386534
1684.2898150291794	eastMovingCar_238	1	1666.2181028864131	18.071712142766273
1688.9831475378644	eastMovingCar_239	1	1677.6223191966014	11.360828341262959
1693.029403796223	eastMovingCar_240	1	1682.5720990891548	10.45730470706826
1697.2500425454025	eastMovingCar_241	1	1692.6289546690641	4.621087876338379
1720.3884251184913	eastMovingCar_242	1	1698.5654424026106	21.8229827158807
1723.7038515860868	eastMovingCar_243	1	1705.34554217963	18.358309406456783
1741.2757895697655	eastMovingCar_244	1	1736.8867582773642	4.3890312924013415
1745.6214543776155	eastMovingCar_245	1	1737.975423424204	7.646030953411355
1759.5575169346544	eastMovingCar_246	1	1755.8501052779623	3.707411656692102
1767.7999175939333	eastMovingCar_247	1	1764.3283752588636	3.471542335069671
1800.6894552985536	eastMovingCar_248	1	1797.3947681666184	3.294687131935234
1808.2698018620365	eastMovingCar_249	1	1804.4642749840991	3.805526877937382
1813.9539151151391	eastMovingCar_250	1	1809.7707889263843	4.183126188754841
1832.1998858082043	eastMovingCar_251	1	1819.8974952098395	12.30239059836481
1836.5405274884602	eastMovingCar_252	1	1827.0318750498245	9.508652438635636
1844.21168296792	eastMovingCar_253	1	1839.6674301752048	4.54425279271527
1847.9725065822	eastMovingCar_254	1	1843.4604722801937	4.512034302006214
1851.1523236723804	eastMovingCar_255	1	1847.151566695228	4.000756977152378
1867.0990312292054	eastMovingCar_256	1	1863.1498264069328	3.949204822272577
1874.0004485577742	eastMovingCar_257	1	1869.4212883826274	4.579160175146853
1877.5796689740425	eastMovingCar_258	1	1871.9987228447876	5.580946129254926
1894.4328502529374	eastMovingCar_259	1	1880.463321988538	13.969528264399514
1897.8791307028223	eastMovingCar_260	1	1885.9300364611356	11.94909424168668
1905.968564763988	eastMovingCar_261	1	1898.2420533310262	7.726511432961843
1910.7113277327444	eastMovingCar_262	1	1904.015935910898	6.695391821846442
1931.6821426818249	eastMovingCar_263	1	1927.5467257262944	4.135416955530445
1945.9289090084553	eastMovingCar_264	1	1941.935167912306	3.9937410961492787
1949.637523193269	eastMovingCar_265	1	1943.5026163748405	6.13490681842859
1953.8046630761257	eastMovingCar_266	1	1947.1279974062895	6.676665669836211
1957.8839630205646	eastMovingCar_267	1	1948.483913291822	9.400049728742488
1966.0866849468107	eastMovingCar_268	1	1959.9988478127534	6.087837134057281
1973.7557867030273	eastMovingCar_269	1	1966.7543430620794	7.001443640947855
1978.131318926282	eastMovingCar_270	1	1967.3562994621268	10.775019464155093
1981.4413818198414	eastMovingCar_271	1	1969.8511051179466	11.590276701894709
1986.1331419130925	eastMovingCar_272	1	1972.940088738363	13.193053174729357
2007.3234411022588	eastMovingCar_273	1	1987.6637716713474	19.659669430911435
2010.6101745428964	eastMovingCar_274	1	1993.9589875779377	16.651186964958697
2014.471970354182	eastMovingCar_275	1	1995.2545669453718	19.21740340881024
2018.2489571939277	eastMovingCar_276	1	2009.0664959111575	9.182461282770191
2022.3493489848433	eastMovingCar_277	1	2015.8452321974141	6.504116787429211
2027.1847552630152	eastMovingCar_278	1	2016.5626871414322	10.62206812158297
2041.9950617524678	eastMovingCar_279	1	2033.5250960051021	8.469965747365677
2046.1683097159894	eastMovingCar_280	1	2042.1902064331664	3.9781032828229854
2050.716385763376	eastMovingCar_281	1	2047.1405209387533	3.575864824622613
2054.681234555914	eastMovingCar_282	1	2047.7145686315262	6.966665924388053
2058.775811134793	eastMovingCar_283	1	2054.220353006164	4.555458128629198
2063.350909394695	eastMovingCar_284	1	2060.0951785682373	3.255730826457693
2081.7568116196826	eastMovingCar_285	1	2074.1421891822692	7.614622437413345
2086.3882511337774	eastMovingCar_286	1	2083.0401519578363	3.3480991759411154
2095.4745120363214	eastMovingCar_287	1	2091.663782616125	3.810729420196367
2099.8509770532974	eastMovingCar_288	1	2095.121934845629	4.729042207668499
2103.278576235071	eastMovingCar_289	1	2096.6600777079693	6.618498527101565
2120.3619788727115	eastMovingCar_290	1	2109.899108271038	10.46287060167333
2130.958316415714	eastMovingCar_291	1	2126.1190952003494	4.839221215364432
2140.228896729249	eastMovingCar_292	1	2136.30032987315	3.9285668560987688
2152.143959339853	eastMovingCar_293	1	2145.9443670173073	6.199592322545868
2156.730823957378	eastMovingCar_294	1	2147.243981193036	9.486842764342327
2160.0723899526674	eastMovingCar_295	1	2149.7256990006294	10.346690952037989
2163.6989984354977	eastMovingCar_296	1	2152.649757717664	11.049240717833527
2175.8729724165664	eastMovingCar_297	1	2168.440924545997	7.432047870569477
2180.008773801275	eastMovingCar_298	1	2170.7535134553973	9.25526034587756
2184.2834594066826	eastMovingCar_299	1	2175.666232436069	8.617226970613501
2188.360717549998	eastMovingCar_300	1	2177.4204508448793	10.940266705118574
2193.0359142859247	eastMovingCar_301	1	2180.6567563928043	12.379157893120464
2197.256202350831	eastMovingCar_302	1	2183.4127214391674	13.843480911663391
2201.5996743957826	eastMovingCar_303	1	2193.1915030361993	8.40817135958332
2204.8061163052553	eastMovingCar_304	1	2197.3983606894226	7.407755615832684
2209.553021527522	eastMovingCar_305	1	2200.0025404455637	9.550481081958424
2235.7626672871415	eastMovingCar_306	1	2211.481862558263	24.280804728878593
2240.075544524707	eastMovingCar_307	1	2214.206537893335	25.86900663137203
2244.495424436863	eastMovingCar_308	1	2223.584494599468	20.910929837394633
2248.137965959126	eastMovingCar_309	1	2236.945968919124	11.191997040002207
2252.211640573496	eastMovingCar_310	1	2240.4383748032556	11.773265770240414
2255.2495378836343	eastMovingCar_311	1	2247.1745036047923	8.07503427884194
2259.996152444984	eastMovingCar_312	1	2255.4598246859114	4.536327759072719
2264.8132438720904	eastMovingCar_313	1	2258.74766727347	6.065576598620282
2269.133160422362	eastMovingCar_314	1	2260.227806185325	8.905354237037045
2273.371144785513	eastMovingCar_315	1	2268.7525227702668	4.618622015246274
2302.311179310712	eastMovingCar_316	1	2287.261804809293	15.049374501418697
2306.5517323862578	eastMovingCar_317	1	2295.209405226283	11.342327159974957
2310.5955171906426	eastMovingCar_318	1	2296.1674006255607	14.428116565081837
2314.5779726372016	eastMovingCar_319	1	2304.8459126029793	9.732060034222286
2318.7524254964387	eastMovingCar_320	1	2307.679580991182	11.072844505256853
2322.825605403321	eastMovingCar_321	1	2309.1904457578316	13.635159645489239
2326.509284693661	eastMovingCar_322	1	2318.893173766536	7.616110927124737
2330.5329286291612	eastMovingCar_323	1	2322.0549566110485	8.477972018112723
2388.947666688856	eastMovingCar_324	1	2337.3998840327804	51.54778265607547
2392.7000105869897	eastMovingCar_325	1	2357.0837656469575	35.616244940032175
2396.181736505974	eastMovingCar_326	1	2368.3446477224606	27.837088783513536
2400.1628463964485	eastMovingCar_327	1	2391.426289903266	8.736556493182434
2405.077594229609	eastMovingCar_328	1	2394.061038062505	11.016556167104227
2408.632171778477	eastMovingCar_329	1	2395.7575875888706	12.874584189606594
2412.586189968832	eastMovingCar_330	1	2401.2322649112452	11.353925057586821
2416.5016777377473	eastMovingCar_331	1	2404.8854712567527	11.616206480994606
2420.9335182664004	eastMovingCar_332	1	2414.9383108262373	5.995207440163085
2425.269159976759	eastMovingCar_333	1	2415.202898243636	10.066261733123156
2463.097653722056	eastMovingCar_334	1	2427.344393356961	35.753260365094775
2467.2694779022413	eastMovingCar_335	1	2430.418412675456	36.85106522678552
2471.029717588154	eastMovingCar_336	1	2438.8777374630504	32.15198012510382
2475.3061014718833	eastMovingCar_337	1	2439.350313377051	35.955788094832315
2479.135089332018	eastMovingCar_338	1	2442.486394740498	36.648694591520325
2483.0673427084866	eastMovingCar_339	1	2445.624954489418	37.44238821906856
2487.152131329532	eastMovingCar_340	1	2468.9220986383543	18.230032691177712
2490.6570292820466	eastMovingCar_341	1	2470.566455277358	20.090574004688733
2495.0443960419047	eastMovingCar_342	1	2480.197927234206	14.846468807698784
2499.1275142332775	eastMovingCar_343	1	2488.770937398018	10.356576835259602
2535.747841036107	eastMovingCar_344	1	2499.9223547537003	35.82548628240647
2539.093064051362	eastMovingCar_345	1	2502.2528597752926	36.84020427606947
2542.556197038326	eastMovingCar_346	1	2502.807291569137	39.74890546918914
2547.1447224960602	eastMovingCar_347	1	2516.6431408631242	30.501581632935995
2550.6796615378494	eastMovingCar_348	1	2521.970338622946	28.70932291490317
2554.134207311747	eastMovingCar_349	1	2544.8724950663614	9.261712245385752
2558.5500907177297	eastMovingCar_350	1	2545.0863547745007	13.46373594322904
2562.1547890293737	eastMovingCar_351	1	2558.4013519813943	3.7534370479793324
2565.706844268767	eastMovingCar_352	1	2560.86293416408	4.843910104686984
2581.927092192897	eastMovingCar_353	1	2577.4139288621764	4.513163330720545
2601.728596935648	eastMovingCar_354	1	2584.5896957495265	17.13890118612153
2605.8654274178334	eastMovingCar_355	1	2588.038309648415	17.827117769418237
2609.4099565571014	eastMovingCar_356	1	2602.6311702263915	6.778786330709863
2612.859904968953	eastMovingCar_357	1	2604.54923605337	8.310668915582937
2626.0700814915685	eastMovingCar_358	1	2615.433901770324	10.636179721244389
2629.2937148412398	eastMovingCar_359	1	2620.084525786691	9.209189054548915
2633.3244239990886	eastMovingCar_360	1	2626.863798088273	6.460625910815452
2637.501450092479	eastMovingCar_361	1	2633.7435799209425	3.757870171536524
2650.099057081065	eastMovingCar_362	1	2645.679173249646	4.419883831419156
2653.831416754526	eastMovingCar_363	1	2647.474423864962	6.356992889564026
2667.075049337715	eastMovingCar_364	1	2663.351973042421	3.7230762952940495
2688.5634284741004	eastMovingCar_365	1	2682.2325207884137	6.330907685686725
2693.3687257140386	eastMovingCar_366	1	2686.463075485972	6.905650228066861
2714.4719494808933	eastMovingCar_367	1	2694.9617898662045	19.510159614688746
2718.4690307322267	eastMovingCar_368	1	2697.2151547938947	21.25387593833193
2729.0261657023602	eastMovingCar_369	1	2725.0398715896677	3.986294112692576
2732.6105493869254	eastMovingCar_370	1	2728.991617399655	3.618931987270571
2740.3690701010455	eastMovingCar_371	1	2734.126997702906	6.2420723981394985
2744.7093631976145	eastMovingCar_372	1	2736.1621458338036	8.547217363810887
2749.6653690814287	eastMovingCar_373	1	2736.57869763275	13.086671448678771
2753.1848655977547	eastMovingCar_374	1	2736.6550812037826	16.529784393972022
2787.7009286745615	eastMovingCar_375	1	2783.9683881031306	3.7325405714309454
2821.5589027862625	eastMovingCar_376	1	2798.723843315046	22.835059471216482
2825.2006699536364	eastMovingCar_377	1	2809.9813233116593	15.219346641977154
2828.9326473351452	eastMovingCar_378	1	2818.6135189076012	10.319128427544001
2833.1137985424375	eastMovingCar_379	1	2819.4285947946255	13.685203747812011
2837.474589919433	eastMovingCar_380	1	2821.3052885601355	16.169301359297606
2840.87906434533	eastMovingCar_381	1	2829.798316959106	11.08074738622372
2844.3640434895497	eastMovingCar_382	1	2831.9998166517876	12.36422683776209
2848.6401326350883	eastMovingCar_383	1	2834.2322006122254	14.407932022862951
2853.1331094426664	eastMovingCar_384	1	2835.887895946187	17.24521349647921
2856.614656730589	eastMovingCar_385	1	2849.3478341841005	7.266822546488584
2861.080702703463	eastMovingCar_386	1	2849.482879715095	11.59782298836808
2865.749772826886	eastMovingCar_387	1	2854.7033130533755	11.046459773510378
2869.4027040477904	eastMovingCar_388	1	2859.932545059899	9.47015898789141
2874.221603983523	eastMovingCar_389	1	2865.899180336223	8.322423647300184
2878.019477741627	eastMovingCar_390	1	2868.759984790919	9.259492950707681
2882.1630326591735	eastMovingCar_391	1	2869.558963098784	12.60406956038969
2886.7130584294364	eastMovingCar_392	1	2873.358054772945	13.35500365649159
2890.4718512570357	eastMovingCar_393	1	2877.506723554461	12.965127702574591
2893.9997232143314	eastMovingCar_394	1	2877.976103872136	16.023619342195616
2897.6705901929918	eastMovingCar_395	1	2880.47612948988	17.194460703111872
2901.4700752002536	eastMovingCar_396	1	2892.354891271111	9.115183929142859
2997.4781411013983	eastMovingCar_397	1	2901.663547959114	95.81459314228414
3001.5532881189515	eastMovingCar_398	1	2903.414761650329	98.13852646862233
3005.0710474171938	eastMovingCar_399	1	2906.3884687979285	98.68257861926531
3009.080358361588	eastMovingCar_400	1	2908.333477261303	100.74688110028501
3013.0768931950884	eastMovingCar_401	1	2911.8569260817535	101.21996711333486
3017.155315947367	eastMovingCar_402	1	2914.722005934674	102.4333100126928
3021.5023183578496	eastMovingCar_403	1	2919.6895702914467	101.81274806640295
3024.7301061796084	eastMovingCar_404	1	2919.9991254400356	104.73098073957271
3028.612861170958	eastMovingCar_405	1	2935.26295941273	93.34990175822759
3032.4780068266978	eastMovingCar_406	1	2937.62419004841	94.85381677828764
3036.1623632712754	eastMovingCar_407	1	2947.301606458158	88.8607568131174
3040.4352766157263	eastMovingCar_408	1	2962.270135585262	78.16514103046438
3043.8379068027693	eastMovingCar_409	1	2968.9793608272034	74.8585459755659
3047.235711101342	eastMovingCar_410	1	2972.4033407012334	74.83237040010863
3051.132669868464	eastMovingCar_411	1	2973.7487140288385	77.38395583962529
3055.00138594881	eastMovingCar_412	1	2982.9720245580397	72.02936139077019
3059.158554943479	eastMovingCar_413	1	2985.054357947888	74.10419699559088
3063.0159336049405	eastMovingCar_414	1	3003.52608610923	59.489847495710364
3066.995185269615	eastMovingCar_415	1	3005.6382141304234	61.3569711391915
3071.4839520257765	eastMovingCar_416	1	3020.546514896734	50.93743712904234
3075.9530636852874	eastMovingCar_417	1	3022.9828521793083	52.97021150597902
3080.03239071346	eastMovingCar_418	1	3024.9414560129435	55.0909347005163
3084.084012087589	eastMovingCar_419	1	3048.2924793204597	35.79153276712941
3088.1215075393434	eastMovingCar_420	1	3056.7408278595453	31.38067967979805
3092.115638928668	eastMovingCar_421	1	3080.3591918307097	11.756447097958244
3096.4428983493485	eastMovingCar_422	1	3089.2737463456456	7.169152003702948
3099.7700510201485	eastMovingCar_423	1	3090.448745013113	9.321306007035673
3103.9168481920124	eastMovingCar_424	1	3091.5400327065577	12.3768154854547
3107.747737574097	eastMovingCar_425	1	3094.350442288029	13.397295286067674
3111.44943205779	eastMovingCar_426	1	3094.3605206323195	17.088911425470542
3115.0606578679717	eastMovingCar_427	1	3096.8069564117295	18.253701456242197
3194.263713775055	eastMovingCar_428	1	3097.6212882641175	96.6424255109373
3197.953170798346	eastMovingCar_429	1	3101.6136702663744	96.33950053197168
3201.4225685786073	eastMovingCar_430	1	3118.9875839906053	82.43498458800195
3204.8714426753727	eastMovingCar_431	1	3119.6839346991633	85.18750797620942
3209.054221719832	eastMovingCar_432	1	3142.5574965762485	66.49672514358372
3213.595773930064	eastMovingCar_433	1	3148.238477104376	65.35729682568763
3218.012499593301	eastMovingCar_434	1	3151.9778185553296	66.0346810379715
3222.3099865228496	eastMovingCar_435	1	3162.7424284879658	59.56755803488386
3226.4344202232373	eastMovingCar_436	1	3169.4027161214885	57.0317041017488
3230.278334136318	eastMovingCar_437	1	3170.9158828969285	59.36245123938943
3234.8267468985678	eastMovingCar_438	1	3171.0797822556483	63.746964642919465
3238.5910050639422	eastMovingCar_439	1	3185.9835054521927	52.60749961174952
3242.919561175034	eastMovingCar_440	1	3193.548160782816	49.371400392217765
3245.9686147689995	eastMovingCar_441	1	3209.6917861744246	36.27682859457491
3250.1951297526894	eastMovingCar_442	1	3210.0266269998424	40.16850275284696
3254.8983865899027	eastMovingCar_443	1	3218.0951091812003	36.80327740870234
3258.489447420961	eastMovingCar_444	1	3218.885585859787	39.603861561173744
3262.7159574989305	eastMovingCar_445	1	3220.1961614279226	42.51979607100793
3266.718044134883	eastMovingCar_446	1	3233.7347194800627	32.98332465482008
3271.0423065513996	eastMovingCar_447	1	3237.469160616189	33.573145935210505
3274.3029244869726	eastMovingCar_448	1	3239.5210861688765	34.781838318096106
3278.7244694213177	eastMovingCar_449	1	3244.4608675868317	34.26360183448605
3282.6654451850236	eastMovingCar_450	1	3246.858960327985	35.80648485703841
3286.7931235344754	eastMovingCar_451	1	3254.999435494664	31.793688039811514
3290.731927211103	eastMovingCar_452	1	3257.565589809305	33.166337401798046
3295.5904965618197	eastMovingCar_453	1	3260.0086547884293	35.58184177339035
3299.3830655780043	eastMovingCar_454	1	3262.2303329742654	37.15273260373897
3302.96823217865	eastMovingCar_455	1	3263.348362713404	39.619869465245756
3306.940872127389	eastMovingCar_456	1	3265.0161844108147	41.924687716574226
3310.934025665302	eastMovingCar_457	1	3269.64807099429	41.285954671012405
3413.1875821319227	eastMovingCar_458	1	3272.1065260336622	141.08105609826043
3417.5946902256064	eastMovingCar_459	1	3274.503132273815	143.0915579517914
3421.888154335745	eastMovingCar_460	1	3275.8781604584406	146.00999387730462
3426.261264224882	eastMovingCar_461	1	3276.046394061151	150.21487016373067
3430.4624543535747	eastMovingCar_462	1	3281.151091049381	149.3113633041935
3434.3789801178086	eastMovingCar_463	1	3281.6733521958427	152.70562792196597
3438.7540494511545	eastMovingCar_464	1	3283.4175989917485	155.33645045940602
3442.570730680817	eastMovingCar_465	1	3294.137018823582	148.43371185723527
3446.8576195079713	eastMovingCar_466	1	3301.46023887003	145.3973806379413
3451.806210919069	eastMovingCar_467	1	3307.5408116214116	144.2653992976575
3455.665366525435	eastMovingCar_468	1	3326.694317387561	128.9710491378737
3459.4898175307403	eastMovingCar_469	1	3327.5597677200135	131.9300498107268
3463.4787890328757	eastMovingCar_470	1	3341.305827511034	122.1729615218419
3467.7308499208834	eastMovingCar_471	1	3369.279873815202	98.45097610568155
3471.294067034884	eastMovingCar_472	1	3374.9353852429354	96.35868179194858
3474.9512065652443	eastMovingCar_473	1	3378.4379113669142	96.51329519833007
3479.1597583547755	eastMovingCar_474	1	3381.1661373835095	97.99362097126595
3482.84491686073	eastMovingCar_475	1	3382.128252825497	100.71666403523295
3486.459654286169	eastMovingCar_476	1	3383.055670117254	103.40398416891503
3491.0216478400052	eastMovingCar_477	1	3392.6534165178464	98.36823132215886
3494.6994184835175	eastMovingCar_478	1	3413.3304907448746	81.36892773864292
3498.70719838489	eastMovingCar_479	1	3419.3814237870197	79.32577459787035
3502.1727173938107	eastMovingCar_480	1	3423.323203421453	78.84951397235773
3506.4691220758796	eastMovingCar_481	1	3435.815088591741	70.65403348413838
3509.9577237294507	eastMovingCar_482	1	3437.76859629681	72.18912743264082
3513.97579315474	eastMovingCar_483	1	3440.9500433738585	73.0257497808816
3517.7433834107496	eastMovingCar_484	1	3441.174080632553	76.56930277819674
3521.701091009683	eastMovingCar_485	1	3452.438177367518	69.26291364216468
3525.182039052514	eastMovingCar_486	1	3453.072386206795	72.10965284571921
3529.178610203476	eastMovingCar_487	1	3460.912022238529	68.26658796494712
3583.9113486773263	eastMovingCar_488	1	3465.3430016160646	118.56834706126165
3587.446439245713	eastMovingCar_489	1	3472.630706362506	114.81573288320715
3591.556821826993	eastMovingCar_490	1	3477.522668858498	114.03415296849516
3596.0512879163	eastMovingCar_491	1	3484.182920271032	111.86836764526834
3600.1843484834903	eastMovingCar_492	1	3487.895912271586	112.28843621190435
3603.7394564064866	eastMovingCar_493	1	3508.2212884641863	95.51816794230035
3607.9097769475497	eastMovingCar_494	1	3511.2220537772987	96.68772317025105
3612.3171362819585	eastMovingCar_495	1	3516.3258125609746	95.99132372098393
3616.9674930121937	eastMovingCar_496	1	3517.2567485213717	99.71074449082198
3621.3751498168044	eastMovingCar_497	1	3520.6896955957513	100.68545422105308
3624.9662212687226	eastMovingCar_498	1	3520.9908758180545	103.9753454506681
3628.8262156152196	eastMovingCar_499	1	3528.6967900093573	100.12942560586225
3633.1685868163777	eastMovingCar_500	1	3531.009432649008	102.1591541673697
3636.3619042193286	eastMovingCar_501	1	3542.6360499518705	93.72585426745809
3640.6900576554813	eastMovingCar_502	1	3544.339417120631	96.3506405348503
3645.0701837841243	eastMovingCar_503	1	3544.6336216354803	100.43656214864404
3649.1806935172976	eastMovingCar_504	1	3553.4850628596605	95.69563065763714
3652.893241188677	eastMovingCar_505	1	3555.6399293332115	97.25331185546565
3657.120179460509	eastMovingCar_506	1	3558.7611800134414	98.35899944706762
3661.1806496481154	eastMovingCar_507	1	3564.6769883618917	96.50366128622363
3665.291344523148	eastMovingCar_508	1	3566.9546837059133	98.33666081723459
3669.21004871774	eastMovingCar_509	1	3570.1228364545927	99.0872122631472
3673.3673402372724	eastMovingCar_510	1	3571.5253223091063	101.84201792816611
3677.21299689082	eastMovingCar_511	1	3576.778599408255	100.43439748256469
3681.001405689697	eastMovingCar_512	1	3580.7299743530943	100.27143133660275
3684.7897788572473	eastMovingCar_513	1	3585.0788508063365	99.71092805091075
3688.960856038542	eastMovingCar_514	1	3590.704108282458	98.25674775608377
3693.8508031153488	eastMovingCar_515	1	3590.7343216141458	103.116481501203
3697.2802607422645	eastMovingCar_516	1	3602.93909126782	94.34116947444454
3701.399627733908	eastMovingCar_517	1	3605.843370967106	95.55625676680211
3802.642134829867	eastMovingCar_518	1	3610.6162855681837	192.0258492616831
3807.407627399543	eastMovingCar_519	1	3674.2564861220067	133.15114127753623
3812.056522662068	eastMovingCar_520	1	3677.795178333456	134.2613443286118
3815.5509667330093	eastMovingCar_521	1	3689.674031400084	125.87693533292531
3819.744548885487	eastMovingCar_522	1	3699.3076298204596	120.43691906502727
3824.0952677366295	eastMovingCar_523	1	3703.2304480369526	120.8648196996769
3827.3399852185157	eastMovingCar_524	1	3704.0195649038988	123.32042031461697
3831.084338091573	eastMovingCar_525	1	3706.3645850503035	124.71975304126954
3835.796440645009	eastMovingCar_526	1	3734.6096566947663	101.1867839502429
3839.6192011855055	eastMovingCar_527	1	3737.544467152472	102.07473403303356
3843.534511124312	eastMovingCar_528	1	3746.9201534224144	96.61435770189746
3847.243175234411	eastMovingCar_529	1	3749.6798702711253	97.56330496328565
3851.08136497653	eastMovingCar_530	1	3759.053378418731	92.02798655779907
3855.6796751976954	eastMovingCar_531	1	3774.1964710693446	81.48320412835074
3860.0930202554205	eastMovingCar_532	1	3780.3959765583822	79.69704369703823
3863.857516971113	eastMovingCar_533	1	3786.56439244999	77.29312452112299
3867.843853561418	eastMovingCar_534	1	3793.6534871549698	74.19036640644845
3871.3170758932624	eastMovingCar_535	1	3813.9572567296095	57.3598191636529
3875.224473141453	eastMovingCar_536	1	3815.4937871432753	59.730685998177705
3878.890304904895	eastMovingCar_537	1	3824.1430183712246	54.747286533670376
3883.329586412909	eastMovingCar_538	1	3827.422194668774	55.90739174413511
3887.5611887184727	eastMovingCar_539	1	3828.2054987296824	59.355689988790346
3891.424967770874	eastMovingCar_540	1	3834.3727037759522	57.05226399492176
3896.149142897132	eastMovingCar_541	1	3839.983665820826	56.16547707630616
3899.721489991517	eastMovingCar_542	1	3843.4546699878592	56.26682000365781
3903.9498569929415	eastMovingCar_543	1	3846.87072363303	57.07913335991134
3907.9573251486727	eastMovingCar_544	1	3855.5710087825446	52.386316366128085
3911.4285491844958	eastMovingCar_545	1	3881.950169242726	29.478379941769617
3915.290254517555	eastMovingCar_546	1	3882.12574738561	33.1645071319449
3919.3328018359307	eastMovingCar_547	1	3885.082719394333	34.2500824415979
4018.291090019684	eastMovingCar_548	1	3886.096543070577	132.194546949107
4022.5008820182084	eastMovingCar_549	1	3889.62979864876	132.87108336944857
4026.389127098314	eastMovingCar_550	1	3891.903834780372	134.4852923179419
4030.1559429376025	eastMovingCar_551	1	3895.962804398599	134.19313853900348
4034.498311031588	eastMovingCar_552	1	3896.420444247588	138.07786678399998
4038.8917647581716	eastMovingCar_553	1	3905.4341548690754	133.45760988909615
4042.7605676159324	eastMovingCar_554	1	3906.694101415054	136.0664662008785
4046.0164023119974	eastMovingCar_555	1	3907.176124315843	138.84027799615433
4049.132153472818	eastMovingCar_556	1	3908.220217564181	140.91193590863713
4052.925261386642	eastMovingCar_557	1	3917.0194365712505	135.9058248153915
4056.7243445508893	eastMovingCar_558	1	3932.9306982277553	123.793646323134
4061.0169145939935	eastMovingCar_559	1	3936.8780561931653	124.13885840082821
4065.311603768371	eastMovingCar_560	1	3941.3620413214744	123.94956244689638
4069.849085240254	eastMovingCar_561	1	3948.1293277387863	121.71975750146794
4073.082637926552	eastMovingCar_562	1	3963.990033292048	109.09260463450391
4077.0279720195213	eastMovingCar_563	1	3967.694409883137	109.33356213638444
4081.564146994627	eastMovingCar_564	1	3973.4198451984203	108.14430179620695
4085.965917081466	eastMovingCar_565	1	3984.278532405342	101.68738467612411
4089.8700278084752	eastMovingCar_566	1	3999.355309052414	90.51471875606103
4094.030451659344	eastMovingCar_567	1	4008.1321094087702	85.89834225057393
4097.908794425245	eastMovingCar_568	1	4018.0521734194276	79.85662100581749
4102.384289719528	eastMovingCar_569	1	4020.5410343810468	81.84325533848141
4106.198166956983	eastMovingCar_570	1	4044.0518798020785	62.14628715490471
4109.4539503675815	eastMovingCar_571	1	4044.5780730934976	64.8758772740839
4113.411756579936	eastMovingCar_572	1	4045.5996559893642	67.81210059057184
4116.932636115134	eastMovingCar_573	1	4056.911725684996	60.02091043013843
4121.4432455883725	eastMovingCar_574	1	4068.156700153925	53.28654543444736
4125.384227073243	eastMovingCar_575	1	4079.825919425768	45.558307647474976
4129.428280222511	eastMovingCar_576	1	4083.697978803346	45.73030141916479
4133.862890858295	eastMovingCar_577	1	4090.6454172754984	43.21747358279663
4138.062417243854	eastMovingCar_578	1	4096.698994199651	41.363423044203046
4196.147654407323	eastMovingCar_579	1	4096.745923665225	99.40173074209815
4200.087331773001	eastMovingCar_580	1	4112.063578614482	88.02375315851896
4203.380853415911	eastMovingCar_581	1	4124.665992131863	78.7148612840474
4207.5702725530555	eastMovingCar_582	1	4131.7800272671475	75.79024528590799
4211.147817372247	eastMovingCar_583	1	4136.236195528316	74.91162184393124
4215.507490210442	eastMovingCar_584	1	4148.429505699366	67.07798451107556
4219.589842537734	eastMovingCar_585	1	4148.849818886707	70.7400236510266
4223.501755982642	eastMovingCar_586	1	4149.467814296201	74.03394168644081
4227.535207347435	eastMovingCar_587	1	4150.292119830186	77.24308751724948
4231.944387358231	eastMovingCar_588	1	4153.6633188480955	78.28106851013581
4235.111934639621	eastMovingCar_589	1	4155.163481710065	79.94845292955597
4238.829188279607	eastMovingCar_590	1	4170.0786142769075	68.75057400269907
4242.316492387579	eastMovingCar_591	1	4178.413298509965	63.903193877614285
4246.754356641349	eastMovingCar_592	1	4180.235005015733	66.51935162561585
4250.794625597957	eastMovingCar_593	1	4185.3258938802655	65.4687317176913
4254.6455443100795	eastMovingCar_594	1	4188.000536569617	66.64500774046246
4258.849419074238	eastMovingCar_595	1	4198.706908865604	60.14251020863321
4262.3842103746765	eastMovingCar_596	1	4203.9552112398615	58.42899913481506
4266.313380101432	eastMovingCar_597	1	4207.866403082485	58.44697701894711
4271.218613293101	eastMovingCar_598	1	4218.452516758948	52.766096534152894
4275.333145323493	eastMovingCar_599	1	4223.285724731315	52.04742059217824
4279.387996690867	eastMovingCar_600	1	4227.599015144006	51.78898154686067
4283.88666189107	eastMovingCar_601	1	4228.219469592452	55.66719229861792
4287.10270346912	eastMovingCar_602	1	4229.588523666184	57.51417980293536
4291.583985904735	eastMovingCar_603	1	4229.6616874397505	61.922298464984124
4295.810755676732	eastMovingCar_604	1	4233.033629983735	62.77712569299638
4299.145717968388	eastMovingCar_605	1	4234.1077287426715	65.03798922571696
4303.527867358096	eastMovingCar_606	1	4236.5991484635115	66.92871889458456
4307.880326048091	eastMovingCar_607	1	4254.423545797301	53.45678025078996
4310.988124035053	eastMovingCar_608	1	4258.47163403844	52.51648999661302
4314.942156951393	eastMovingCar_609	1	4261.91638690475	53.02577004664363
4426.486931206038	eastMovingCar_610	1	4271.373345378498	155.1135858275402
4430.723832059608	eastMovingCar_611	1	4274.830842455654	155.89298960395354
4435.38030654479	eastMovingCar_612	1	4276.614321863097	158.76598468169323
4439.3185672970185	eastMovingCar_613	1	4280.28404659566	159.03452070135882
4443.738261769629	eastMovingCar_614	1	4297.655390081121	146.08287168850802
4447.610910350836	eastMovingCar_615	1	4304.043909373643	143.56700097719295
4451.559560861637	eastMovingCar_616	1	4314.5944139183275	136.96514694330926
4455.447810592026	eastMovingCar_617	1	4318.691839988983	136.75597060304335
4459.849778098626	eastMovingCar_618	1	4342.882809891781	116.9669682068452
4463.201538499976	eastMovingCar_619	1	4344.766891301366	118.43464719861004
4467.834083571125	eastMovingCar_620	1	4359.7545527760585	108.0795307950666
4471.722328959558	eastMovingCar_621	1	4363.310780094617	108.41154886494041
4474.936093891908	eastMovingCar_622	1	4364.77909962013	110.15699427177788
4479.346537980648	eastMovingCar_623	1	4379.71954078445	99.62699719619741
4484.070896287835	eastMovingCar_624	1	4382.049342765675	102.0215535221605
4487.914165267138	eastMovingCar_625	1	4385.669782160692	102.24438310644564
4492.088703385877	eastMovingCar_626	1	4397.541781897995	94.54692148788217
4496.5163446440265	eastMovingCar_627	1	4405.387404479238	91.12894016478822
4500.258215871074	eastMovingCar_628	1	4405.84622033918	94.41199553189381
4504.332734412261	eastMovingCar_629	1	4411.677776709377	92.65495770288362
4509.235751988985	eastMovingCar_630	1	4422.894538510951	86.34121347803375
4512.836594722224	eastMovingCar_631	1	4425.537466716918	87.29912800530565
4515.961973921026	eastMovingCar_632	1	4456.582609312456	59.37936460856963
4519.383670231191	eastMovingCar_633	1	4460.702004168237	58.68166606295381
4523.5290992175105	eastMovingCar_634	1	4463.318530646289	60.2105685712213
4527.8137763022505	eastMovingCar_635	1	4466.579797739361	61.233978562889206
4531.754435649875	eastMovingCar_636	1	4468.064515094495	63.68992055538001
4535.741917314511	eastMovingCar_637	1	4472.3427034210945	63.399213893416345
4539.024297555673	eastMovingCar_638	1	4476.963869467824	62.06042808784878
4542.042873835305	eastMovingCar_639	1	4503.0394273091	39.00344652620515
4545.047992531699	eastMovingCar_640	1	4503.777756948216	41.270235583482645
4672.255789679641	eastMovingCar_641	1	4512.8270897270995	159.42869995254114
4676.716539912685	eastMovingCar_642	1	4528.620745421662	148.0957944910233
4680.57491660268	eastMovingCar_643	1	4531.3065873916485	149.2683292110314
4684.912654244847	eastMovingCar_644	1	4560.0124985750645	124.90015566978218
4688.984502284094	eastMovingCar_645	1	4560.115972440465	128.8685298436285
4692.340543495226	eastMovingCar_646	1	4560.533111548237	131.8074319469888
4696.856098976095	eastMovingCar_647	1	4586.154485800476	110.70161317561906
4701.080304883949	eastMovingCar_648	1	4609.460206301012	91.62009858293732
4705.447265346821	eastMovingCar_649	1	4610.699374656927	94.74789068989412
4709.396452498762	eastMovingCar_650	1	4611.409299306239	97.98715319252369
4712.426459230587	eastMovingCar_651	1	4622.270708551949	90.15575067863847
4716.75639070977	eastMovingCar_652	1	4632.726796202745	84.02959450702474
4721.366298143733	eastMovingCar_653	1	4651.734110999819	69.63218714391405
4725.732402324542	eastMovingCar_654	1	4655.867639683271	69.86476264127123
4730.26908187082	eastMovingCar_655	1	4656.745014873763	73.52406699705716
4734.231105427972	eastMovingCar_656	1	4675.207450958153	59.02365446981912
4737.779893261856	eastMovingCar_657	1	4679.649667145141	58.130226116714766
4741.944553543492	eastMovingCar_658	1	4682.62617066759	59.31838287590199
4746.152799851219	eastMovingCar_659	1	4686.322060240811	59.83073961040827
4750.825478078003	eastMovingCar_660	1	4689.130907297754	61.694570780248796
4755.454042927061	eastMovingCar_661	1	4693.179544051916	62.27449887514467
4759.181411823779	eastMovingCar_662	1	4696.890302762691	62.29110906108781
4762.665206749736	eastMovingCar_663	1	4702.311464694178	60.35374205555854
4766.945300379507	eastMovingCar_664	1	4711.3751472511185	55.57015312838848
4771.279009754592	eastMovingCar_665	1	4719.504290172986	51.774719581606405
4775.825171856792	eastMovingCar_666	1	4724.166893070048	51.65827878674372
4779.765445122117	eastMovingCar_667	1	4752.866035467729	26.899409654388364
4784.063479647373	eastMovingCar_668	1	4759.94438480298	24.119094844393658
4787.86829226136	eastMovingCar_669	1	4765.588764613101	22.27952764825841
4791.821270036759	eastMovingCar_670	1	4769.432340557315	22.388929479444414
4868.861759328423	eastMovingCar_671	1	4780.728597833086	88.13316149533784
4873.070234090421	eastMovingCar_672	1	4790.333144342731	82.73708974768942
4876.11339511338	eastMovingCar_673	1	4791.475297511815	84.63809760156437
4880.206169928708	eastMovingCar_674	1	4793.7961999566205	86.40996997208731
4884.408398703183	eastMovingCar_675	1	4797.872491436815	86.53590726636776
4888.475655826071	eastMovingCar_676	1	4816.613264831124	71.86239099494651
4892.932869686364	eastMovingCar_677	1	4825.174603712282	67.75826597408195
4896.362473917155	eastMovingCar_678	1	4837.628040665678	58.73443325147673
4900.315210498227	eastMovingCar_679	1	4847.648999663246	52.66621083498103
4904.81756601399	eastMovingCar_680	1	4850.316265171031	54.5013008429587
4908.749771660879	eastMovingCar_681	1	4857.371579587108	51.37819207377106
4913.413396319227	eastMovingCar_682	1	4857.394051162036	56.01934515719131
4916.961267668847	eastMovingCar_683	1	4858.3119543104385	58.64931335840811
4921.450590183437	eastMovingCar_684	1	4880.727442136559	40.72314804687812
4926.2575568957345	eastMovingCar_685	1	4882.895638009377	43.36191888635767
4930.233231946045	eastMovingCar_686	1	4885.418705240604	44.814526705440585
4934.745493421923	eastMovingCar_687	1	4887.186105747822	47.559387674101345
4938.948658343159	eastMovingCar_688	1	4901.213466654623	37.73519168853636
4943.398262773588	eastMovingCar_689	1	4902.102880900533	41.295381873054794
4947.162705199569	eastMovingCar_690	1	4916.512042738345	30.650662461223874
4950.975877241909	eastMovingCar_691	1	4918.503838699967	32.47203854194231
4955.368606133618	eastMovingCar_692	1	4920.031664783719	35.33694134989946
4958.531493614947	eastMovingCar_693	1	4923.060488419113	35.47100519583364
4962.493778369842	eastMovingCar_694	1	4924.425393078879	38.068385290963306
4966.440827800923	eastMovingCar_695	1	4925.565785204692	40.87504259623165
4970.942373212946	eastMovingCar_696	1	4931.722800452288	39.21957276065859
4975.300100922228	eastMovingCar_697	1	4935.279591953579	40.020508968648755
4979.909370126108	eastMovingCar_698	1	4956.0450333249855	23.86433680112259
4983.456094709087	eastMovingCar_699	1	4958.064280705656	25.391814003431136
4986.576551062733	eastMovingCar_700	1	4963.579504784948	22.997046277785557
5059.3892628106405	eastMovingCar_701	1	4991.460528365949	67.92873444469114
5062.917379351519	eastMovingCar_702	1	4993.015454053374	69.90192529814522
5067.1139902985815	eastMovingCar_703	1	5017.710969625405	49.4030206731768
5071.348025919112	eastMovingCar_704	1	5043.345600120675	28.00242579843689
5075.270875272598	eastMovingCar_705	1	5048.236271945982	27.03460332661598
5079.048709310498	eastMovingCar_706	1	5057.886446799536	21.162262510962137
5082.457251355842	eastMovingCar_707	1	5061.196442223528	21.260809132314535
5086.148128658718	eastMovingCar_708	1	5070.894403484947	15.253725173770363
5089.582681871933	eastMovingCar_709	1	5074.965462732305	14.617219139628105
5093.715135029195	eastMovingCar_710	1	5086.101784024869	7.613351004326432
5097.739739895099	eastMovingCar_711	1	5088.112555116116	9.627184778983064
5102.326944971106	eastMovingCar_712	1	5091.33013717939	10.996807791716492
5106.844693420831	eastMovingCar_713	1	5098.517459420893	8.327233999938471
5110.935316535866	eastMovingCar_714	1	5106.167030594777	4.768285941088834
5141.758525579654	eastMovingCar_715	1	5114.349698586689	27.40882699296526
5145.495625639353	eastMovingCar_716	1	5119.417196763096	26.07842887625702
5149.624459042541	eastMovingCar_717	1	5123.256910057703	26.367548984838322
5153.215327748611	eastMovingCar_718	1	5136.166952481535	17.048375267076153
5157.563463342959	eastMovingCar_719	1	5146.134673368335	11.428789974624124
5161.108802842764	eastMovingCar_720	1	5149.037072992419	12.071729850345037
5165.6737283115635	eastMovingCar_721	1	5150.053195469379	15.62053284218473
5193.066484050807	eastMovingCar_722	1	5189.285619780196	3.780864270611346
5197.9390069162355	eastMovingCar_723	1	5192.775342804639	5.163664111596518
5201.446006160002	eastMovingCar_724	1	5193.428157825399	8.017848334603514
5205.372900333405	eastMovingCar_725	1	5195.891722241782	9.481178091622496
5209.57863357079	eastMovingCar_726	1	5202.061397956863	7.517235613926459
5233.513088401742	eastMovingCar_727	1	5210.933747345421	22.579341056321027
5238.106041899229	eastMovingCar_728	1	5217.021214635412	21.084827263816805
5241.841227900379	eastMovingCar_729	1	5222.558611144643	19.282616755735944
5245.438958036792	eastMovingCar_730	1	5223.590408024303	21.848550012489795
5248.848177338204	eastMovingCar_731	1	5224.511827040307	24.336350297896388
5253.6413668260975	eastMovingCar_732	1	5235.6167792591705	18.02458756692704
5257.223154923471	eastMovingCar_733	1	5242.100879077737	15.122275845734293
5261.192695426293	eastMovingCar_734	1	5243.536448924429	17.65624650186328
5264.970186410744	eastMovingCar_735	1	5252.837791614923	12.132394795820801
5268.456730388339	eastMovingCar_736	1	5260.230895750114	8.225834638225024
5294.058333375074	eastMovingCar_737	1	5290.78066788622	3.277665488853927
5298.363982954511	eastMovingCar_738	1	5292.736346655581	5.627636298930156
5306.46614610238	eastMovingCar_739	1	5299.358580543835	7.107565558544593
5314.159156803721	eastMovingCar_740	1	5309.572117260811	4.587039542910134
5330.8547133604625	eastMovingCar_741	1	5315.926497517649	14.928215842813188
5334.589303224014	eastMovingCar_742	1	5316.079620481216	18.50968274279785
5338.218375976692	eastMovingCar_743	1	5325.113596030799	13.104779945892915
5342.984741426804	eastMovingCar_744	1	5333.55198770128	9.43275372552398
5347.651852416948	eastMovingCar_745	1	5336.047143457263	11.604708959685013
5351.343650209494	eastMovingCar_746	1	5340.041559693839	11.302090515654527
5367.541277702319	eastMovingCar_747	1	5354.045341665744	13.495936036575586
5379.332551051256	eastMovingCar_748	1	5368.765375918072	10.56717513318381
5382.782590764409	eastMovingCar_749	1	5372.71454415028	10.068046614129344
5386.455282808248	eastMovingCar_750	1	5381.957010563348	4.498272244899454
5398.326550132349	eastMovingCar_751	1	5394.536046748423	3.7905033839260796
5402.52758988849	eastMovingCar_752	1	5394.770862768441	7.756727120049618
5405.628486436145	eastMovingCar_753	1	5401.04139336469	4.587093071455456
5409.9469661036865	eastMovingCar_754	1	5403.849820531861	6.097145571825422
5446.243916300914	eastMovingCar_755	1	5414.274377807793	31.969538493121036
5450.173290100829	eastMovingCar_756	1	5420.835870223435	29.337419877393586
5454.042773263021	eastMovingCar_757	1	5423.812397585461	30.230375677560005
5458.186856016467	eastMovingCar_758	1	5431.1899471934485	26.996908823018202
5462.488199739391	eastMovingCar_759	1	5432.302120220909	30.186079518482074
5466.42750208659	eastMovingCar_760	1	5433.531012858569	32.89648922802098
5470.413625054711	eastMovingCar_761	1	5436.333795292287	34.0798297624242
5475.088689477408	eastMovingCar_762	1	5441.084530896655	34.00415858075212
5479.548878085686	eastMovingCar_763	1	5452.466849642969	27.082028442717274
5483.822558743639	eastMovingCar_764	1	5455.585235070631	28.237323673008177
5487.64534097904	eastMovingCar_765	1	5472.9644512282075	14.680889750832648
5491.897177028669	eastMovingCar_766	1	5473.502340426776	18.394836601893076
5496.5774775604905	eastMovingCar_767	1	5481.910116886538	14.667360673952317
5500.120063095568	eastMovingCar_768	1	5490.003600626969	10.116462468598911
5529.2562230973035	eastMovingCar_769	1	5513.205352890419	16.05087020688461
5534.1319453906435	eastMovingCar_770	1	5513.74184549773	20.390099892913895
5538.241361859953	eastMovingCar_771	1	5514.869437692817	23.371924167136058
5542.467980065993	eastMovingCar_772	1	5518.972241982953	23.495738083040123
5546.316532312454	eastMovingCar_773	1	5520.722073593377	25.59445871907701
5549.799057463659	eastMovingCar_774	1	5526.3514293456965	23.447628117962267
5553.251936022088	eastMovingCar_775	1	5526.947956707435	26.30397931465268
5556.750792976101	eastMovingCar_776	1	5528.048305715453	28.702487260648013
5560.997737693554	eastMovingCar_777	1	5538.923085084527	22.074652609026998
5564.94488943495	eastMovingCar_778	1	5548.133291717545	16.811597717404766
5568.813051154158	eastMovingCar_779	1	5553.569179149028	15.24387200512956
5572.3504451096605	eastMovingCar_780	1	5563.478644883737	8.871800225923835
5575.765503071549	eastMovingCar_781	1	5568.631415618589	7.134087452959648
5579.371419895714	eastMovingCar_782	1	5569.664374434241	9.707045461473172
5583.045645287047	eastMovingCar_783	1	5577.1406408352805	5.905004451766217
5614.238079643748	eastMovingCar_784	1	5585.6431693691065	28.594910274641734
5618.187461342761	eastMovingCar_785	1	5590.755176276335	27.43228506642572
5622.242195680719	eastMovingCar_786	1	5597.555583985436	24.686611695283318
5626.606577467626	eastMovingCar_787	1	5603.435737874762	23.170839592864468
5629.944710966767	eastMovingCar_788	1	5618.3546677290815	11.590043237685677
5633.963719230172	eastMovingCar_789	1	5628.910697954533	5.053021275638457
5637.769370014635	eastMovingCar_790	1	5630.970267271838	6.799102742797004
5641.74451759228	eastMovingCar_791	1	5632.221919235284	9.522598356996241
5645.097264744574	eastMovingCar_792	1	5634.5362651063315	10.56099963824272
5649.213686595943	eastMovingCar_793	1	5645.068420204614	4.145266391328732
5652.457217693548	eastMovingCar_794	1	5645.211218703028	7.245998990520093
5656.018964009489	eastMovingCar_795	1	5646.810378710443	9.208585299045808
5660.547157090394	eastMovingCar_796	1	5647.562670651017	12.984486439377179
5664.782657677842	eastMovingCar_797	1	5648.420732606222	16.361925071619225
5668.769738050607	eastMovingCar_798	1	5655.940299910844	12.829438139762715
5672.786496234462	eastMovingCar_799	1	5657.957680483085	14.828815751377078
5677.164583288819	eastMovingCar_800	1	5663.248457099596	13.916126189223178
5681.501921558748	eastMovingCar_801	1	5667.877861862534	13.624059696214317
5739.310340554636	eastMovingCar_802	1	5683.679907695677	55.630432858959466
5743.283966235616	eastMovingCar_803	1	5700.053885939909	43.23008029570701
5747.394573560404	eastMovingCar_804	1	5706.476707686459	40.91786587394472
5751.039935028355	eastMovingCar_805	1	5706.7855316345085	44.25440339384659
5754.573290929903	eastMovingCar_806	1	5713.718395940402	40.85489498950119
5757.970623065513	eastMovingCar_807	1	5715.206618545414	42.76400452009875
5761.765184787607	eastMovingCar_808	1	5724.632031817191	37.13315297041572
5765.219551871549	eastMovingCar_809	1	5736.839653126705	28.37989874484356
5769.574032853597	eastMovingCar_810	1	5741.343204271278	28.23082858231828
5773.435631006649	eastMovingCar_811	1	5745.583553126574	27.85207788007483
5777.824015557227	eastMovingCar_812	1	5757.153513871181	20.67050168604601
5782.069278133953	eastMovingCar_813	1	5757.600217506887	24.46906062706603
5785.817575206665	eastMovingCar_814	1	5760.7580920552255	25.059483151439963
5789.276295508926	eastMovingCar_815	1	5773.490518005038	15.785777503887402
5793.0893996173645	eastMovingCar_816	1	5779.436287024854	13.653112592510297
5796.971353687033	eastMovingCar_817	1	5782.049028915633	14.922324771399872
5801.174709486812	eastMovingCar_818	1	5788.903267911575	12.271441575237077
5805.399618893027	eastMovingCar_819	1	5793.310764027224	12.088854865803114
5809.713653362863	eastMovingCar_820	1	5801.116558777345	8.59709458551788
5921.765810314527	eastMovingCar_821	1	5823.846575504261	97.91923481026606
5925.37670463988	eastMovingCar_822	1	5825.734984161384	99.6417204784957
5930.3046936028895	eastMovingCar_823	1	5831.526688748789	98.7780048541008
5934.151184019353	eastMovingCar_824	1	5833.39710899808	100.75407502127382
5937.675380641117	eastMovingCar_825	1	5834.150217023969	103.52516361714788
5942.225281408304	eastMovingCar_826	1	5840.55691086229	101.66837054601365
5945.997185784659	eastMovingCar_827	1	5841.7944732311635	104.20271255349599
5949.728293591818	eastMovingCar_828	1	5844.537424156063	105.1908694357553
5953.23621075191	eastMovingCar_829	1	5862.027105414351	91.20910533755887
5957.562271485848	eastMovingCar_830	1	5865.190442301363	92.37182918448525
5962.422108115914	eastMovingCar_831	1	5874.589964990856	87.83214312505788
5965.547516916948	eastMovingCar_832	1	5878.906022374366	86.64149454258131
5969.330362771691	eastMovingCar_833	1	5884.984407125854	84.34595564583742
5972.960659236763	eastMovingCar_834	1	5889.395572670075	83.56508656668757
5977.751836055503	eastMovingCar_835	1	5902.784913465334	74.9669225901689
5981.076647525201	eastMovingCar_836	1	5906.461610746564	74.61503677863766
5984.9171816341795	eastMovingCar_837	1	5908.266944438415	76.65023719576493
5989.611381612566	eastMovingCar_838	1	5915.644139742981	73.96724186958545
5993.666624270675	eastMovingCar_839	1	5915.774676558421	77.89194771225448
5997.883585966237	eastMovingCar_840	1	5919.656512604837	78.22707336139956
6001.597718420805	eastMovingCar_841	1	5935.151728093388	66.44599032741735
6005.818219831617	eastMovingCar_842	1	5937.350582919655	68.46763691196247
6009.566388873536	eastMovingCar_843	1	5939.652899044389	69.91348982914678
6014.267515527868	eastMovingCar_844	1	5940.038327163701	74.22918836416738
6018.012917809077	eastMovingCar_845	1	5942.147896164745	75.86502164433205
6021.815074057918	eastMovingCar_846	1	5944.3669962416525	77.44807781626514
6025.269264333421	eastMovingCar_847	1	5948.532865833786	76.73639849963547
6028.8391370544405	eastMovingCar_848	1	5952.943258080119	75.89587897432102
6032.5778631662	eastMovingCar_849	1	5969.006448419345	63.571414746854316
6036.3399538430895	eastMovingCar_850	1	5978.0877203867485	58.252233456340946
6040.321159224534	eastMovingCar_851	1	5986.629154091377	53.69200513315718
6090.50756055912	eastMovingCar_852	1	5988.551287686005	101.95627287311527
6094.762279800811	eastMovingCar_853	1	6016.8739339995245	77.88834580128605
6098.805088549405	eastMovingCar_854	1	6018.782791304672	80.02229724473273
6102.678941452947	eastMovingCar_855	1	6020.30113809688	82.37780335606658
6107.321565345669	eastMovingCar_856	1	6022.085272505968	85.23629283970149
6111.345399726823	eastMovingCar_857	1	6033.224050987993	78.12134873883042
6115.450056049584	eastMovingCar_858	1	6033.567471234999	81.88258481458524
6119.458380550922	eastMovingCar_859	1	6037.0816779194665	82.37670263145537
6123.725626607067	eastMovingCar_860	1	6037.524036338972	86.20159026809506
6127.761532162869	eastMovingCar_861	1	6038.506677609267	89.25485455360194
6132.259508894056	eastMovingCar_862	1	6043.725960104948	88.53354878910795
6136.425770271427	eastMovingCar_863	1	6047.364146268841	89.06162400258563
6140.190959695875	eastMovingCar_864	1	6053.410850674811	86.78010902106416
6144.776087237481	eastMovingCar_865	1	6055.950583218242	88.8255040192389
6148.317786900825	eastMovingCar_866	1	6057.086546247375	91.23124065345019
6152.081111525417	eastMovingCar_867	1	6075.619638378053	76.4614731473639
6156.561870608927	eastMovingCar_868	1	6076.502599264541	80.05927134438662
6160.282183035289	eastMovingCar_869	1	6091.45099299837	68.831190036919
6164.593365007701	eastMovingCar_870	1	6107.760878667829	56.83248633987205
6168.631143196872	eastMovingCar_871	1	6112.412631372687	56.218511824184134
6172.690764620654	eastMovingCar_872	1	6117.304712756652	55.386051864001274
6176.781536129782	eastMovingCar_873	1	6118.910484007697	57.87105212208462
6180.671507683512	eastMovingCar_874	1	6121.898094304771	58.77341337874077
6184.149048222171	eastMovingCar_875	1	6126.194674051761	57.95437417041012
6187.367137706187	eastMovingCar_876	1	6126.5668129151245	60.80032479106285
6191.2741366291475	eastMovingCar_877	1	6133.046403327463	58.227733301684566
6195.539929608399	eastMovingCar_878	1	6137.003305324208	58.53662428419102
6198.796100057546	eastMovingCar_879	1	6148.993127085756	49.80297297179004
6202.237740180769	eastMovingCar_880	1	6157.655705800664	44.58203438010514
6206.444060817004	eastMovingCar_881	1	6165.0631025714665	41.38095824553784
6332.762589569886	eastMovingCar_882	1	6167.789593775524	164.97299579436185
6336.587294283728	eastMovingCar_883	1	6180.100988946365	156.48630533736286
6340.391392844529	eastMovingCar_884	1	6200.831328438093	139.56006440643614
6344.6219952774545	eastMovingCar_885	1	6201.077327584722	143.54466769273222
6349.176697091663	eastMovingCar_886	1	6203.565926363935	145.61077072772787
6353.177673189718	eastMovingCar_887	1	6212.215753534618	140.96191965510025
6357.508127295806	eastMovingCar_888	1	6220.6048755666725	136.90325172913344
6361.411660560696	eastMovingCar_889	1	6225.291551519186	136.12010904150975
6365.572632932134	eastMovingCar_890	1	6243.958836441314	121.61379649082028
6370.268677224772	eastMovingCar_891	1	6245.628331298344	124.64034592642747
6374.297789974759	eastMovingCar_892	1	6246.5793035657325	127.71848640902681
6378.8250220200725	eastMovingCar_893	1	6271.471623909869	107.35339811020367
6382.393499145093	eastMovingCar_894	1	6275.3110001077675	107.08249903732576
6386.131790226204	eastMovingCar_895	1	6275.74307805005	110.38871217615451
6390.728149618162	eastMovingCar_896	1	6281.884773484822	108.84337613333992
6394.851282428654	eastMovingCar_897	1	6286.927731760755	107.92355066789878
6399.310004683514	eastMovingCar_898	1	6288.079490556515	111.23051412699897
6403.255948269646	eastMovingCar_899	1	6295.920890368738	107.3350579009084
6406.829838172096	eastMovingCar_900	1	6301.43372766843	105.39611050366602
6410.954991041597	eastMovingCar_901	1	6304.0805319691335	106.87445907246365
6414.595867664908	eastMovingCar_902	1	6304.163117471109	110.43275019379871
6418.2976405891395	eastMovingCar_903	1	6304.827704180833	113.46993640830624
6423.151913350106	eastMovingCar_904	1	6317.28742643697	105.8644869131358
6427.366862146163	eastMovingCar_905	1	6321.505713830089	105.86114831607392
6431.920188970718	eastMovingCar_906	1	6323.508738318864	108.41145065185447
6436.049312583328	eastMovingCar_907	1	6334.227644039554	101.82166854377374
6440.345959757998	eastMovingCar_908	1	6346.260804986276	94.08515477172205
6444.3513397930965	eastMovingCar_909	1	6346.658922984696	97.6924168084006
6448.064853544447	eastMovingCar_910	1	6346.8384723704075	101.22638117403949
6451.91372663205	eastMovingCar_911	1	6347.556454159197	104.35727247285377
6558.598156557417	eastMovingCar_912	1	6357.403957736244	201.1941988211729
6562.142962749184	eastMovingCar_913	1	6357.771786530321	204.37117621886318
6566.496861978655	eastMovingCar_914	1	6377.073802956972	189.423059021683
6570.002004286208	eastMovingCar_915	1	6378.795190652647	191.20681363356107
6574.646115729548	eastMovingCar_916	1	6385.596057792417	189.050057937131
6578.858101525336	eastMovingCar_917	1	6391.088025976419	187.7700755489168
6583.449316848046	eastMovingCar_918	1	6392.59268613512	190.85663071292583
6587.029257823019	eastMovingCar_919	1	6392.910768945484	194.11848887753513
6590.934644150724	eastMovingCar_920	1	6396.689888693088	194.24475545763653
6595.658860399159	eastMovingCar_921	1	6402.095628766594	193.56323163256457
6599.239218113192	eastMovingCar_922	1	6403.013774552257	196.22544356093476
6603.4316416324355	eastMovingCar_923	1	6429.276275906117	174.15536572631845
6607.777091276664	eastMovingCar_924	1	6446.179118783239	161.597972493425
6611.59162957088	eastMovingCar_925	1	6447.190100975533	164.40152859534737
6616.150472091734	eastMovingCar_926	1	6447.572881569221	168.57759052251276
6620.343780557541	eastMovingCar_927	1	6452.577725637781	167.76605491975988
6624.792545458232	eastMovingCar_928	1	6454.939507810876	169.85303764735545
6629.07472399575	eastMovingCar_929	1	6458.638158381481	170.43656561426906
6632.998421542519	eastMovingCar_930	1	6463.9450713005	169.0533502420194
6637.9885906901845	eastMovingCar_931	1	6470.880724800715	167.1078658894694
6642.1844586368525	eastMovingCar_932	1	6473.381739069777	168.80271956707566
6645.914246595186	eastMovingCar_933	1	6473.679528482854	172.2347181123323
6648.945172738354	eastMovingCar_934	1	6475.011350602905	173.9338221354492
6653.307725556102	eastMovingCar_935	1	6477.243392438702	176.06433311739966
6656.330502932138	eastMovingCar_936	1	6487.948175252353	168.3823276797848
6660.569596321005	eastMovingCar_937	1	6490.0408927450635	170.5287035759411
6664.666002888309	eastMovingCar_938	1	6492.164963570795	172.50103931751346
6669.236555610908	eastMovingCar_939	1	6501.533921843409	167.7026337674988
6673.847963103101	eastMovingCar_940	1	6506.490635485824	167.3573276172774
6677.369257215986	eastMovingCar_941	1	6548.005106074829	129.36415114115698
6764.881065664005	eastMovingCar_942	1	6552.8921750105765	211.98889065342883
6769.115230770262	eastMovingCar_943	1	6558.436107885935	210.67912288432763
6773.183489926015	eastMovingCar_944	1	6564.541824186867	208.64166573914736
6777.160103467843	eastMovingCar_945	1	6565.222511323612	211.93759214423153
6781.045395898825	eastMovingCar_946	1	6565.941978126763	215.10341777206122
6784.810417559771	eastMovingCar_947	1	6569.127355619915	215.6830619398561
6789.20943188441	eastMovingCar_948	1	6576.581298328532	212.62813355587787
6793.019718312294	eastMovingCar_949	1	6576.963182122235	216.05653619005898
6797.124515680322	eastMovingCar_950	1	6582.209707862426	214.91480781789596
6801.346074980372	eastMovingCar_951	1	6589.955627732688	211.39044724768337
6805.83651824451	eastMovingCar_952	1	6592.339812061848	213.49670618266282
6809.619344797699	eastMovingCar_953	1	6595.81621788166	213.80312691603922
6814.3036412110605	eastMovingCar_954	1	6596.726799530971	217.57684168008927
6819.198024871392	eastMovingCar_955	1	6599.341102029458	219.85692284193374
6822.201510460528	eastMovingCar_956	1	6617.193293488797	205.0082169717307
6826.3214466784275	eastMovingCar_957	1	6623.844925826137	202.47652085229038
6830.006658795405	eastMovingCar_958	1	6631.61996217816	198.38669661724543
6834.847596555078	eastMovingCar_959	1	6641.13965414569	193.70794240938812
6839.467653110526	eastMovingCar_960	1	6655.3685729748895	184.09908013563654
6843.857294111757	eastMovingCar_961	1	6667.801432604923	176.05586150683393
6847.940060573071	eastMovingCar_962	1	6688.110652215505	159.82940835756563
6851.770042453261	eastMovingCar_963	1	6692.7823384114845	158.98770404177685
6855.642503944211	eastMovingCar_964	1	6703.310157802181	152.33234614203047
6859.81744344103	eastMovingCar_965	1	6708.764591288889	151.05285215214099
6864.344414658781	eastMovingCar_966	1	6709.6219327001445	154.7224819586363
6869.165506464712	eastMovingCar_967	1	6714.901535528932	154.26397093577998
6872.81736995397	eastMovingCar_968	1	6735.222834488844	137.59453546512668
6876.920901208486	eastMovingCar_969	1	6738.951959712738	137.96894149574746
6880.829806175558	eastMovingCar_970	1	6745.496196333389	135.3336098421687
6986.5041094606	eastMovingCar_971	1	6751.506681512216	234.99742794838403
6990.1203705720045	eastMovingCar_972	1	6763.087546918141	227.0328236538635
6994.329465828368	eastMovingCar_973	1	6781.343768782755	212.98569704561214
6997.7842371803545	eastMovingCar_974	1	6811.825583898516	185.95865328183845
7001.626589852234	eastMovingCar_975	1	6818.343369862115	183.2832199901195
7006.046956425269	eastMovingCar_976	1	6830.870170374895	175.17678605037418
7009.694182599472	eastMovingCar_977	1	6835.172319309212	174.52186329025972
7012.698516113777	eastMovingCar_978	1	6858.378582733871	154.31993337990662
7016.896616198196	eastMovingCar_979	1	6873.880590522153	143.01602567604277
7020.850237230349	eastMovingCar_980	1	6888.356630336581	132.49360689376863
7024.663012141982	eastMovingCar_981	1	6901.843335566823	122.81967657515906
7028.058200751052	eastMovingCar_982	1	6907.924502184287	120.1336985667649
7032.206168994192	eastMovingCar_983	1	6913.914092647816	118.29207634637623
7035.634787953803	eastMovingCar_984	1	6933.791950340072	101.84283761373172
7039.854079748208	eastMovingCar_985	1	6941.730027856726	98.12405189148194
7043.963240223747	eastMovingCar_986	1	6942.526758402005	101.43648182174184
7047.198177457211	eastMovingCar_987	1	6942.985827184738	104.21235027247349
7051.807241310955	eastMovingCar_988	1	6943.629516817367	108.17772449358745
7055.774857854419	eastMovingCar_989	1	6945.820049188161	109.95480866625803
7059.780680187906	eastMovingCar_990	1	6946.246188179066	113.53449200884006
7063.619049479059	eastMovingCar_991	1	6959.443792684233	104.17525679482605
7067.7642995288625	eastMovingCar_992	1	6975.94099065715	91.82330887171247
7071.978042688047	eastMovingCar_993	1	6978.247027442004	93.73101524604317
7076.094030302534	eastMovingCar_994	1	6979.346322506223	96.74770779631035
7080.33626920844	eastMovingCar_995	1	7011.092859437419	69.2434097710211
7083.745296224083	eastMovingCar_996	1	7026.193320583275	57.55197564080845
7087.840193059535	eastMovingCar_997	1	7036.278301068098	51.56189199143682
7090.990284783227	eastMovingCar_998	1	7048.1575726200335	42.83271216319372
7094.182053218221	eastMovingCar_999	1	7050.465522213443	43.71653100477761
7098.504585150141	eastMovingCar_1000	1	7056.369994106214	42.134591043926775
7103.3530674084295	eastMovingCar_1001	1	7069.5778490569855	33.77521835144398
7197.179600685577	eastMovingCar_1002	1	7072.891887870012	124.28771281556419
7200.852608771935	eastMovingCar_1003	1	7074.137441838519	126.71516693341528
7204.948881108125	eastMovingCar_1004	1	7075.217219574458	129.73166153366674
7208.51606833784	eastMovingCar_1005	1	7091.123432973633	117.39263536420731
7211.568598479544	eastMovingCar_1006	1	7095.083025149786	116.48557332975724
7215.556013360168	eastMovingCar_1007	1	7103.229033366803	112.32697999336506
7219.896934043281	eastMovingCar_1008	1	7111.73329708431	108.16363695897144
7223.217883941009	eastMovingCar_1009	1	7115.651803628422	107.56608031258656
7227.405909947938	eastMovingCar_1010	1	7123.95945002949	103.44645991844845
7231.2350081595605	eastMovingCar_1011	1	7126.626264130654	104.60874402890659
7235.034965965419	eastMovingCar_1012	1	7127.664858579306	107.37010738611298
7238.950997418007	eastMovingCar_1013	1	7130.892621521566	108.05837589644125
7243.800554586706	eastMovingCar_1014	1	7146.893733338363	96.90682124834348
7248.13994034348	eastMovingCar_1015	1	7147.003338121647	101.13660222183262
7252.435609717448	eastMovingCar_1016	1	7147.387976462873	105.04763325457498
7256.472332171648	eastMovingCar_1017	1	7147.851158524667	108.62117364698133
7259.763956917211	eastMovingCar_1018	1	7157.67295453377	102.09100238344035
7264.663018589207	eastMovingCar_1019	1	7157.741452019962	106.92156656924544
7268.620215228559	eastMovingCar_1020	1	7168.933927401978	99.68628782658107
7272.107848653079	eastMovingCar_1021	1	7170.054193174942	102.05365547813653
7276.335241441506	eastMovingCar_1022	1	7175.891225654066	100.44401578743964
7280.521876079735	eastMovingCar_1023	1	7184.332324568929	96.18955151080627
7285.014458686546	eastMovingCar_1024	1	7185.245954288646	99.76850439789996
7289.452046609653	eastMovingCar_1025	1	7194.30282491829	95.14922169136298
7292.785964649223	eastMovingCar_1026	1	7196.141516925138	96.6444477240857
7296.054190127181	eastMovingCar_1027	1	7202.0788801262	93.97531000098115
7300.113363965039	eastMovingCar_1028	1	7207.2929337861515	92.82043017888736
7304.593638062278	eastMovingCar_1029	1	7210.693699927432	93.8999381348458
7308.1667294643175	eastMovingCar_1030	1	7236.664982530658	71.50174693365989
7312.433676900888	eastMovingCar_1031	1	7241.339263780194	71.09441312069339
7316.133527193693	eastMovingCar_1032	1	7251.89992527686	64.23360191683332
7416.442415666294	eastMovingCar_1033	1	7255.0657858722425	161.37662979405195
7420.584267430867	eastMovingCar_1034	1	7256.795427500087	163.78883993078034
7425.440326933368	eastMovingCar_1035	1	7262.459712520385	162.9806144129825
7430.211334770937	eastMovingCar_1036	1	7268.365452366062	161.84588240487574
7434.059034053231	eastMovingCar_1037	1	7277.189021404016	156.8700126492149
7438.510936117383	eastMovingCar_1038	1	7282.384794798998	156.12614131838473
7442.462993631386	eastMovingCar_1039	1	7291.708665704328	150.7543279270576
7445.600457657716	eastMovingCar_1040	1	7297.79331215717	147.80714550054654
7450.158107015069	eastMovingCar_1041	1	7303.20831975453	146.94978726053887
7453.638540923043	eastMovingCar_1042	1	7309.246865849339	144.3916750737044
7457.46811548154	eastMovingCar_1043	1	7315.522998840677	141.94511664086258
7462.084337549682	eastMovingCar_1044	1	7324.0720381383235	138.01229941135807
7466.06477234703	eastMovingCar_1045	1	7326.393861367639	139.670910979391
7470.504906480973	eastMovingCar_1046	1	7333.453322452116	137.05158402885718
7473.889173042333	eastMovingCar_1047	1	7383.697669782284	90.1915032600491
7478.369010682462	eastMovingCar_1048	1	7387.606869746224	90.76214093623821
7482.384671562553	eastMovingCar_1049	1	7400.898493320436	81.4861782421176
7486.890352412957	eastMovingCar_1050	1	7411.898053396907	74.99229901605031
7491.015058671648	eastMovingCar_1051	1	7414.598147071065	76.41691160058326
7495.594881933905	eastMovingCar_1052	1	7423.031036419075	72.56384551483006
7499.284343139023	eastMovingCar_1053	1	7428.687816447479	70.59652669154366
7503.273988240229	eastMovingCar_1054	1	7443.570691476486	59.70329676374331
7506.686017112537	eastMovingCar_1055	1	7447.012830455215	59.67318665732182
7510.7191263736595	eastMovingCar_1056	1	7464.366144694767	46.35298167889232
7514.35502365887	eastMovingCar_1057	1	7465.3300077175845	49.025015941285346
7518.197174005405	eastMovingCar_1058	1	7472.592107340829	45.60506666457604
7521.97785830565	eastMovingCar_1059	1	7482.683227795922	39.29463050972845
7526.689252491797	eastMovingCar_1060	1	7495.35239192039	31.33686057140676
7530.452776403392	eastMovingCar_1061	1	7507.254548915986	23.198227487406257
7533.6295707035915	eastMovingCar_1062	1	7509.046475185373	24.583095518218215
7605.733989269885	eastMovingCar_1063	1	7509.152106970382	96.58188229950247
7609.42243946572	eastMovingCar_1064	1	7514.209320149622	95.21311931609853
7613.242077558143	eastMovingCar_1065	1	7514.952622127663	98.2894554304803
7616.7482680100065	eastMovingCar_1066	1	7525.354203395643	91.39406461436374
7621.00508648724	eastMovingCar_1067	1	7528.225468713902	92.77961777333803
7624.926354900981	eastMovingCar_1068	1	7532.570113262777	92.35624163820376
7628.898652720539	eastMovingCar_1069	1	7547.976441659878	80.92221106066063
7632.554278832279	eastMovingCar_1070	1	7550.877689270724	81.67658956155537
7636.438097375971	eastMovingCar_1071	1	7556.136431532253	80.30166584371818
7640.742070079363	eastMovingCar_1072	1	7560.138714892262	80.60335518710053
7645.3815869765285	eastMovingCar_1073	1	7607.523026629848	37.85856034668086
7649.503741320187	eastMovingCar_1074	1	7623.68662094015	25.817120380037522
7653.803573572469	eastMovingCar_1075	1	7626.840293287435	26.96328028503376
7658.495972861672	eastMovingCar_1076	1	7629.709722507089	28.78625035458299
7662.419563687084	eastMovingCar_1077	1	7633.535114020269	28.884449666814362
7667.266283764648	eastMovingCar_1078	1	7640.8321808093015	26.434102955346134
7671.480969403365	eastMovingCar_1079	1	7646.115668717766	25.365300685598413
7675.6288071753215	eastMovingCar_1080	1	7658.177897584746	17.450909590575975
7680.067094519263	eastMovingCar_1081	1	7660.930164942017	19.13692957724652
7683.840139889007	eastMovingCar_1082	1	7663.628367777492	20.21177211151553
7687.586746742565	eastMovingCar_1083	1	7673.789514850991	13.797231891574484
7691.957745867797	eastMovingCar_1084	1	7675.780538254392	16.17720761340479
7695.60702863935	eastMovingCar_1085	1	7689.886770774401	5.720257864948508
7755.873663873198	eastMovingCar_1086	1	7695.760469120188	60.11319475301025
7760.68559229919	eastMovingCar_1087	1	7699.239248928446	61.446343370744216
7764.358984645017	eastMovingCar_1088	1	7705.937789020135	58.421195624881875
7768.320323698775	eastMovingCar_1089	1	7715.287566931331	53.03275676744397
7772.003801687372	eastMovingCar_1090	1	7733.580990813643	38.42281087372885
7775.029108171889	eastMovingCar_1091	1	7736.418877275748	38.61023089614082
7778.373815462668	eastMovingCar_1092	1	7737.707974520441	40.66584094222708
7781.799527412192	eastMovingCar_1093	1	7760.883424497316	20.91610291487632
7785.669157538726	eastMovingCar_1094	1	7761.670794571133	23.998362967592584
7790.257150353129	eastMovingCar_1095	1	7771.465947571138	18.79120278199116
7794.018439684618	eastMovingCar_1096	1	7773.405058217047	20.613381467571344
7797.712582009874	eastMovingCar_1097	1	7783.663945849903	14.048636159970556
7801.49319476771	eastMovingCar_1098	1	7797.529430804365	3.963763963344718
7827.167098334561	eastMovingCar_1099	1	7806.098542419891	21.06855591467047
7831.1239996793765	eastMovingCar_1100	1	7824.431450479521	6.692549199855421
7835.519283583504	eastMovingCar_1101	1	7827.038274691749	8.481008891754755
7842.800421122189	eastMovingCar_1102	1	7836.716228254785	6.084192867403544
7850.327878239996	eastMovingCar_1103	1	7845.849495078984	4.4783831610120615
7872.059066980838	eastMovingCar_1104	1	7868.287387445537	3.771679535300791
7886.206544536682	eastMovingCar_1105	1	7881.786248603869	4.420295932812223
7892.537280839407	eastMovingCar_1106	1	7887.776845411131	4.760435428275741
7928.7410784077665	eastMovingCar_1107	1	7925.1533146310185	3.5877637767480337
7932.412207415066	eastMovingCar_1108	1	7926.329442202901	6.082765212165214
7936.591186770688	eastMovingCar_1109	1	7929.783168629367	6.808018141321554
7940.9123888331305	eastMovingCar_1110	1	7932.64348027526	8.268908557870418
7945.180008613475	eastMovingCar_1111	1	7939.022081619275	6.157926994200352
7948.979277807743	eastMovingCar_1112	1	7944.175911913464	4.803365894278613
7961.771100402755	eastMovingCar_1113	1	7958.137724434677	3.633375968078326
7995.977806654172	eastMovingCar_1114	1	7972.1143688910515	23.8634377631206
8000.146308496271	eastMovingCar_1115	1	7980.094414487195	20.051894009076022
8018.959982383646	eastMovingCar_1116	1	8014.87585901873	4.084123364916195
8023.127931773364	eastMovingCar_1117	1	8015.6803559014015	7.4475758719627265
8026.921234489728	eastMovingCar_1118	1	8018.6363252613355	8.28490922839228
